8410
0 43 2
43 0 2
0 72 1
72 0 1
0 89 1
89 0 1
0 90 1
90 0 1
0 91 1
91 0 1
0 92 1
92 0 1
0 94 3
94 0 3
0 105 2
105 0 2
0 108 1
108 0 1
0 1860 1
1860 0 1
0 2064 1
2064 0 1
1 126 1
126 1 1
1 145 1
145 1 1
1 153 1
153 1 1
1 155 2
155 1 2
1 199 4
199 1 4
2 4 1
4 2 1
2 6 1
6 2 1
2 12 3
12 2 3
2 19 2
19 2 2
2 20 2
20 2 2
2 21 1
21 2 1
2 666 1
666 2 1
2 910 6
910 2 6
2 2380 1
2380 2 1
3 7 1
7 3 1
3 8 1
8 3 1
3 1300 1
1300 3 1
3 1882 1
1882 3 1
3 1888 1
1888 3 1
3 2412 2
2412 3 2
4 175 3
175 4 3
4 666 1
666 4 1
4 907 1
907 4 1
5 11 1
11 5 1
5 26 1
26 5 1
5 84 1
84 5 1
5 176 1
176 5 1
5 190 2
190 5 2
5 295 1
295 5 1
5 297 1
297 5 1
5 404 1
404 5 1
5 979 2
979 5 2
6 778 1
778 6 1
7 1709 1
1709 7 1
8 1709 1
1709 8 1
9 122 2
122 9 2
9 123 1
123 9 1
9 183 1
183 9 1
9 185 1
185 9 1
9 1702 3
1702 9 3
10 59 4
59 10 4
10 68 4
68 10 4
10 98 1
98 10 1
10 131 1
131 10 1
10 250 1
250 10 1
10 2078 1
2078 10 1
11 31 2
31 11 2
11 34 1
34 11 1
11 35 1
35 11 1
11 84 1
84 11 1
11 289 1
289 11 1
11 290 1
290 11 1
11 294 1
294 11 1
11 295 1
295 11 1
11 402 2
402 11 2
11 1223 1
1223 11 1
12 210 1
210 12 1
12 213 1
213 12 1
12 217 2
217 12 2
12 649 3
649 12 3
13 28 1
28 13 1
13 30 1
30 13 1
13 31 1
31 13 1
13 35 1
35 13 1
13 174 4
174 13 4
13 280 1
280 13 1
13 281 1
281 13 1
13 289 1
289 13 1
13 290 1
290 13 1
13 401 1
401 13 1
13 649 1
649 13 1
13 1223 1
1223 13 1
13 2258 1
2258 13 1
14 26 1
26 14 1
14 1709 1
1709 14 1
15 61 1
61 15 1
15 76 1
76 15 1
15 80 1
80 15 1
15 82 1
82 15 1
15 83 1
83 15 1
15 218 1
218 15 1
16 36 1
36 16 1
16 205 1
205 16 1
17 27 1
27 17 1
17 61 1
61 17 1
17 82 1
82 17 1
17 227 1
227 17 1
18 19 1
19 18 1
18 778 1
778 18 1
19 778 1
778 19 1
19 2253 1
2253 19 1
20 209 1
209 20 1
21 22 1
22 21 1
21 23 2
23 21 2
21 778 1
778 21 1
21 910 2
910 21 2
21 1866 1
1866 21 1
21 2205 3
2205 21 3
21 2211 1
2211 21 1
21 2245 1
2245 21 1
21 2253 1
2253 21 1
21 2254 2
2254 21 2
21 2257 2
2257 21 2
21 2380 1
2380 21 1
22 910 1
910 22 1
23 24 3
24 23 3
23 28 5
28 23 5
23 1237 1
1237 23 1
23 1887 1
1887 23 1
23 1897 1
1897 23 1
23 1902 1
1902 23 1
23 2245 2
2245 23 2
23 2258 1
2258 23 1
24 34 1
34 24 1
24 176 1
176 24 1
24 2412 1
2412 24 1
25 99 1
99 25 1
25 250 2
250 25 2
25 719 1
719 25 1
26 190 2
190 26 2
26 1709 2
1709 26 2
27 49 1
49 27 1
27 184 1
184 27 1
27 215 1
215 27 1
27 227 1
227 27 1
27 232 1
232 27 1
27 240 1
240 27 1
27 243 1
243 27 1
28 31 3
31 28 3
28 2258 1
2258 28 1
29 1488 1
1488 29 1
29 2158 1
2158 29 1
30 174 2
174 30 2
30 649 2
649 30 2
32 118 1
118 32 1
32 251 1
251 32 1
33 40 1
40 33 1
33 41 1
41 33 1
33 44 2
44 33 2
33 151 1
151 33 1
33 164 2
164 33 2
33 187 1
187 33 1
33 188 1
188 33 1
33 235 3
235 33 3
33 748 1
748 33 1
33 757 1
757 33 1
33 817 1
817 33 1
33 1702 3
1702 33 3
36 214 3
214 36 3
37 193 2
193 37 2
37 195 1
195 37 1
37 200 1
200 37 1
37 202 1
202 37 1
37 246 3
246 37 3
37 292 1
292 37 1
37 369 1
369 37 1
38 97 1
97 38 1
38 115 1
115 38 1
38 184 1
184 38 1
38 223 1
223 38 1
39 72 3
72 39 3
39 79 2
79 39 2
39 96 5
96 39 5
40 41 2
41 40 2
40 193 1
193 40 1
40 195 2
195 40 2
40 200 1
200 40 1
40 201 1
201 40 1
40 204 1
204 40 1
40 208 1
208 40 1
40 235 1
235 40 1
40 256 1
256 40 1
41 192 1
192 41 1
41 193 2
193 41 2
41 196 1
196 41 1
41 220 1
220 41 1
41 749 2
749 41 2
41 751 1
751 41 1
41 755 1
755 41 1
41 756 1
756 41 1
41 757 1
757 41 1
42 57 1
57 42 1
42 62 1
62 42 1
42 198 1
198 42 1
42 241 1
241 42 1
42 260 1
260 42 1
42 2234 2
2234 42 2
43 77 1
77 43 1
43 91 1
91 43 1
43 1347 2
1347 43 2
43 1860 1
1860 43 1
43 2091 3
2091 43 3
44 150 1
150 44 1
44 179 1
179 44 1
44 199 1
199 44 1
45 231 2
231 45 2
46 48 1
48 46 1
46 49 1
49 46 1
46 184 1
184 46 1
46 234 1
234 46 1
47 48 1
48 47 1
47 52 1
52 47 1
47 234 1
234 47 1
48 51 1
51 48 1
48 55 1
55 48 1
48 184 1
184 48 1
48 228 1
228 48 1
49 53 1
53 49 1
49 184 1
184 49 1
50 52 1
52 50 1
50 54 1
54 50 1
50 249 1
249 50 1
50 2346 1
2346 50 1
51 52 1
52 51 1
52 2340 1
2340 52 1
53 226 1
226 53 1
53 243 1
243 53 1
53 1181 1
1181 53 1
54 55 1
55 54 1
54 58 1
58 54 1
54 184 2
184 54 2
54 228 1
228 54 1
54 249 1
249 54 1
54 259 1
259 54 1
56 118 2
118 56 2
56 167 1
167 56 1
56 251 3
251 56 3
57 249 1
249 57 1
57 2337 1
2337 57 1
58 249 1
249 58 1
59 68 1
68 59 1
59 69 1
69 59 1
59 70 1
70 59 1
59 71 1
71 59 1
59 106 2
106 59 2
59 184 1
184 59 1
59 1275 2
1275 59 2
59 2089 1
2089 59 1
60 106 1
106 60 1
60 184 1
184 60 1
61 96 1
96 61 1
61 184 3
184 61 3
61 252 1
252 61 1
62 249 1
249 62 1
63 169 1
169 63 1
63 260 1
260 63 1
64 69 2
69 64 2
64 249 1
249 64 1
64 259 1
259 64 1
65 69 1
69 65 1
65 249 1
249 65 1
66 2231 1
2231 66 1
66 2247 1
2247 66 1
67 69 1
69 67 1
67 249 1
249 67 1
68 147 1
147 68 1
68 169 1
169 68 1
68 816 1
816 68 1
69 169 3
169 69 3
69 1325 1
1325 69 1
70 184 1
184 70 1
71 169 1
169 71 1
72 86 1
86 72 1
72 92 1
92 72 1
72 95 1
95 72 1
72 96 1
96 72 1
72 101 1
101 72 1
72 102 1
102 72 1
72 105 1
105 72 1
72 127 1
127 72 1
72 233 2
233 72 2
73 169 1
169 73 1
73 260 1
260 73 1
74 167 1
167 74 1
74 169 1
169 74 1
75 76 1
76 75 1
75 96 1
96 75 1
75 1692 1
1692 75 1
77 88 1
88 77 1
77 89 1
89 77 1
77 1343 1
1343 77 1
77 1346 1
1346 77 1
77 1348 1
1348 77 1
78 85 1
85 78 1
78 1692 1
1692 78 1
79 85 2
85 79 2
79 86 1
86 79 1
79 88 1
88 79 1
79 1288 2
1288 79 2
79 1342 1
1342 79 1
79 1479 1
1479 79 1
80 255 1
255 80 1
81 167 1
167 81 1
81 260 3
260 81 3
81 2234 5
2234 81 5
81 2353 1
2353 81 1
83 227 1
227 83 1
85 538 3
538 85 3
85 1312 4
1312 85 4
85 1335 1
1335 85 1
85 1339 1
1339 85 1
85 1453 1
1453 85 1
85 1479 1
1479 85 1
85 1692 1
1692 85 1
85 1920 1
1920 85 1
86 88 1
88 86 1
86 90 1
90 86 1
87 872 1
872 87 1
87 1176 2
1176 87 2
87 1953 1
1953 87 1
87 2145 1
2145 87 1
93 104 2
104 93 2
93 107 1
107 93 1
93 113 1
113 93 1
93 116 1
116 93 1
93 120 1
120 93 1
93 194 1
194 93 1
93 714 2
714 93 2
93 975 6
975 93 6
94 109 1
109 94 1
94 112 1
112 94 1
94 114 1
114 94 1
94 116 1
116 94 1
95 105 1
105 95 1
96 97 1
97 96 1
96 252 1
252 96 1
96 255 4
255 96 4
96 1841 4
1841 96 4
98 106 1
106 98 1
99 106 1
106 99 1
100 127 1
127 100 1
100 168 1
168 100 1
100 236 1
236 100 1
100 248 1
248 100 1
101 1841 1
1841 101 1
102 1841 1
1841 102 1
103 127 1
127 103 1
103 233 1
233 103 1
104 120 1
120 104 1
104 121 1
121 104 1
105 113 1
113 105 1
105 194 1
194 105 1
105 2064 1
2064 105 1
106 219 2
219 106 2
106 223 1
223 106 1
107 110 3
110 107 3
107 116 1
116 107 1
107 231 1
231 107 1
107 700 4
700 107 4
107 701 1
701 107 1
107 711 1
711 107 1
107 717 1
717 107 1
108 231 1
231 108 1
109 231 1
231 109 1
110 231 1
231 110 1
110 430 1
430 110 1
110 699 4
699 110 4
110 700 1
700 110 1
110 1384 2
1384 110 2
110 1442 1
1442 110 1
110 1691 1
1691 110 1
111 112 1
112 111 1
111 231 1
231 111 1
111 701 1
701 111 1
112 182 1
182 112 1
113 114 1
114 113 1
115 224 1
224 115 1
115 238 1
238 115 1
115 248 1
248 115 1
116 701 1
701 116 1
117 125 1
125 117 1
117 191 1
191 117 1
117 192 1
192 117 1
117 197 1
197 117 1
117 408 1
408 117 1
117 1994 1
1994 117 1
118 171 1
171 118 1
118 172 1
172 118 1
118 175 1
175 118 1
118 261 1
261 118 1
118 907 8
907 118 8
119 120 1
120 119 1
119 168 1
168 119 1
119 216 1
216 119 1
120 121 1
121 120 1
120 130 2
130 120 2
120 135 1
135 120 1
120 155 1
155 120 1
120 714 1
714 120 1
120 1806 1
1806 120 1
121 194 1
194 121 1
121 233 1
233 121 1
122 123 2
123 122 2
123 183 1
183 123 1
123 907 5
907 123 5
124 189 1
189 124 1
124 975 1
975 124 1
125 166 8
166 125 8
125 191 3
191 125 3
125 345 1
345 125 1
125 408 3
408 125 3
126 144 3
144 126 3
126 157 1
157 126 1
126 158 2
158 126 2
126 222 1
222 126 1
126 714 1
714 126 1
127 168 1
168 127 1
128 189 1
189 128 1
128 975 1
975 128 1
129 142 1
142 129 1
129 152 3
152 129 3
129 716 3
716 129 3
129 1437 2
1437 129 2
130 714 1
714 130 1
131 133 1
133 131 1
131 138 1
138 131 1
131 2161 1
2161 131 1
132 168 1
168 132 1
132 719 1
719 132 1
133 136 1
136 133 1
133 137 1
137 133 1
133 719 1
719 133 1
134 296 1
296 134 1
134 1517 1
1517 134 1
135 155 1
155 135 1
136 138 1
138 136 1
136 199 1
199 136 1
137 168 1
168 137 1
138 199 1
199 138 1
138 237 1
237 138 1
138 2352 1
2352 138 1
139 168 1
168 139 1
139 219 1
219 139 1
140 365 1
365 140 1
140 987 1
987 140 1
141 168 1
168 141 1
141 199 1
199 141 1
142 222 1
222 142 1
142 975 1
975 142 1
143 147 1
147 143 1
143 907 1
907 143 1
144 149 1
149 144 1
144 150 1
150 144 1
144 151 1
151 144 1
144 153 1
153 144 1
144 158 1
158 144 1
144 164 1
164 144 1
144 718 1
718 144 1
144 741 2
741 144 2
145 199 1
199 145 1
146 907 2
907 146 2
147 169 1
169 147 1
147 816 1
816 147 1
148 907 1
907 148 1
148 2352 1
2352 148 1
149 199 1
199 149 1
152 159 4
159 152 4
152 729 3
729 152 3
152 743 1
743 152 1
152 1810 2
1810 152 2
154 189 1
189 154 1
154 975 1
975 154 1
156 157 1
157 156 1
156 158 1
158 156 1
156 159 2
159 156 2
156 160 1
160 156 1
156 163 2
163 156 2
156 493 1
493 156 1
158 160 1
160 158 1
158 162 1
162 158 1
159 743 2
743 159 2
161 163 4
163 161 4
161 165 4
165 161 4
161 493 1
493 161 1
161 739 2
739 161 2
161 742 1
742 161 1
161 743 1
743 161 1
161 744 1
744 161 1
161 745 1
745 161 1
161 747 1
747 161 1
162 741 1
741 162 1
163 743 2
743 163 2
164 718 1
718 164 1
164 751 1
751 164 1
165 741 4
741 165 4
165 755 1
755 165 1
166 220 1
220 166 1
166 344 1
344 166 1
166 345 1
345 166 1
166 346 1
346 166 1
166 347 1
347 166 1
166 750 8
750 166 8
166 754 1
754 166 1
166 765 1
765 166 1
166 809 1
809 166 1
166 812 1
812 166 1
166 1363 4
1363 166 4
167 251 1
251 167 1
168 221 1
221 168 1
168 238 1
238 168 1
168 719 1
719 168 1
168 1806 1
1806 168 1
169 261 1
261 169 1
169 1325 1
1325 169 1
170 175 1
175 170 1
170 251 1
251 170 1
171 251 1
251 171 1
172 251 1
251 172 1
173 175 1
175 173 1
173 177 1
177 173 1
174 214 4
214 174 4
174 649 1
649 174 1
175 177 2
177 175 2
175 251 1
251 175 1
175 877 1
877 175 1
175 907 1
907 175 1
175 2370 1
2370 175 1
176 2412 1
2412 176 1
177 778 2
778 177 2
177 2235 1
2235 177 1
177 2243 2
2243 177 2
177 2348 2
2348 177 2
177 2356 1
2356 177 1
177 2359 1
2359 177 1
177 2375 1
2375 177 1
178 180 1
180 178 1
178 907 1
907 178 1
179 180 1
180 179 1
179 1702 3
1702 179 3
179 2352 2
2352 179 2
180 181 1
181 180 1
180 185 1
185 180 1
180 1702 1
1702 180 1
180 2352 2
2352 180 2
181 907 1
907 181 1
182 231 2
231 182 2
184 215 1
215 184 1
184 228 1
228 184 1
184 232 1
232 184 1
184 247 2
247 184 2
184 1275 2
1275 184 2
184 2089 1
2089 184 1
186 689 2
689 186 2
186 1238 2
1238 186 2
186 1243 2
1243 186 2
187 1702 1
1702 187 1
188 1702 1
1702 188 1
189 713 1
713 189 1
189 716 4
716 189 4
189 725 1
725 189 1
189 975 2
975 189 2
193 246 3
246 193 3
194 940 1
940 194 1
195 201 2
201 195 2
195 202 1
202 195 1
195 204 1
204 195 1
195 205 1
205 195 1
196 246 1
246 196 1
197 246 1
246 197 1
198 249 1
249 198 1
199 2352 2
2352 199 2
201 205 3
205 201 3
203 205 1
205 203 1
203 214 1
214 203 1
205 208 1
208 205 1
205 212 1
212 205 1
205 292 1
292 205 1
205 417 1
417 205 1
205 418 1
418 205 1
205 435 1
435 205 1
206 207 1
207 206 1
206 217 1
217 206 1
206 225 1
225 206 1
207 212 1
212 207 1
209 225 1
225 209 1
210 225 1
225 210 1
211 225 1
225 211 1
211 1702 1
1702 211 1
212 214 1
214 212 1
213 214 1
214 213 1
214 217 1
217 214 1
214 281 1
281 214 1
214 287 1
287 214 1
216 233 1
233 216 1
218 255 1
255 218 1
219 221 1
221 219 1
224 1841 1
1841 224 1
225 235 1
235 225 1
225 817 1
817 225 1
226 1181 1
1181 226 1
227 229 1
229 227 1
227 240 1
240 227 1
227 503 5
503 227 5
227 538 2
538 227 2
227 556 1
556 227 1
227 1181 1
1181 227 1
227 1336 1
1336 227 1
229 1692 1
1692 229 1
230 642 6
642 230 6
230 643 1
643 230 1
230 644 1
644 230 1
230 645 1
645 230 1
230 646 1
646 230 1
230 647 1
647 230 1
230 650 1
650 230 1
231 701 1
701 231 1
231 1347 2
1347 231 2
231 1361 7
1361 231 7
231 1375 1
1375 231 1
231 1455 1
1455 231 1
231 1691 1
1691 231 1
233 940 1
940 233 1
234 242 1
242 234 1
234 2183 1
2183 234 1
235 256 1
256 235 1
236 1841 1
1841 236 1
237 907 1
907 237 1
239 1882 1
1882 239 1
239 1883 2
1883 239 2
239 1889 1
1889 239 1
241 249 1
249 241 1
242 549 1
549 242 1
244 1382 1
1382 244 1
244 1416 1
1416 244 1
245 988 6
988 245 6
245 1486 1
1486 245 1
245 1524 1
1524 245 1
246 293 1
293 246 1
246 375 1
375 246 1
246 408 1
408 246 1
246 1994 1
1994 246 1
250 2078 1
2078 250 1
250 2161 1
2161 250 1
251 877 1
877 251 1
251 2354 1
2354 251 1
251 2355 1
2355 251 1
253 1862 1
1862 253 1
253 2204 1
2204 253 1
254 1084 2
1084 254 2
254 1129 2
1129 254 2
257 1351 1
1351 257 1
257 1365 1
1365 257 1
257 1369 5
1369 257 5
257 1421 3
1421 257 3
257 1423 1
1423 257 1
257 1478 1
1478 257 1
258 262 8
262 258 8
258 264 7
264 258 7
258 267 1
267 258 1
258 271 1
271 258 1
258 275 1
275 258 1
258 1290 1
1290 258 1
262 265 1
265 262 1
262 2074 1
2074 262 1
262 2076 1
2076 262 1
262 2077 1
2077 262 1
262 2080 1
2080 262 1
263 266 8
266 263 8
263 275 1
275 263 1
264 268 1
268 264 1
264 271 1
271 264 1
264 442 3
442 264 3
264 628 1
628 264 1
264 629 1
629 264 1
264 630 1
630 264 1
264 631 1
631 264 1
264 632 1
632 264 1
265 266 1
266 265 1
266 267 1
267 266 1
266 268 1
268 266 1
266 270 3
270 266 3
266 272 1
272 266 1
266 648 1
648 266 1
266 662 4
662 266 4
266 1332 2
1332 266 2
266 2073 7
2073 266 7
266 2080 1
2080 266 1
266 2099 2
2099 266 2
266 2100 1
2100 266 1
266 2104 1
2104 266 1
268 274 1
274 268 1
269 270 4
270 269 4
269 273 7
273 269 7
269 274 1
274 269 1
269 1459 11
1459 269 11
272 273 1
273 272 1
273 634 1
634 273 1
273 1459 1
1459 273 1
276 291 1
291 276 1
276 308 1
308 276 1
276 325 1
325 276 1
276 330 2
330 276 2
276 332 1
332 276 1
276 333 1
333 276 1
276 633 2
633 276 2
276 833 4
833 276 4
276 843 1
843 276 1
276 847 1
847 276 1
276 902 2
902 276 2
277 342 3
342 277 3
277 344 3
344 277 3
277 345 3
345 277 3
277 374 2
374 277 2
277 377 1
377 277 1
277 415 2
415 277 2
277 424 1
424 277 1
277 813 1
813 277 1
277 913 1
913 277 1
277 2069 1
2069 277 1
278 279 1
279 278 1
278 393 1
393 278 1
278 398 1
398 278 1
278 427 1
427 278 1
278 1789 1
1789 278 1
279 391 1
391 279 1
279 395 1
395 279 1
279 397 1
397 279 1
279 398 1
398 279 1
279 889 1
889 279 1
280 282 1
282 280 1
280 283 1
283 280 1
282 285 1
285 282 1
282 286 1
286 282 1
282 287 1
287 282 1
283 284 1
284 283 1
283 434 1
434 283 1
284 367 1
367 284 1
284 399 1
399 284 1
284 434 2
434 284 2
285 396 1
396 285 1
285 417 1
417 285 1
286 916 1
916 286 1
288 304 1
304 288 1
288 307 2
307 288 2
288 314 1
314 288 1
288 400 1
400 288 1
288 1292 1
1292 288 1
291 308 1
308 291 1
291 325 8
325 291 8
291 353 1
353 291 1
291 875 1
875 291 1
293 1517 1
1517 293 1
294 297 1
297 294 1
296 317 1
317 296 1
296 381 1
381 296 1
296 383 1
383 296 1
296 384 1
384 296 1
296 385 6
385 296 6
296 387 1
387 296 1
296 389 2
389 296 2
296 416 3
416 296 3
296 423 2
423 296 2
296 428 1
428 296 1
296 1678 1
1678 296 1
297 979 1
979 297 1
298 299 2
299 298 2
298 370 2
370 298 2
299 370 3
370 299 3
299 385 3
385 299 3
299 388 1
388 299 1
299 410 1
410 299 1
299 413 1
413 299 1
299 419 1
419 299 1
299 426 1
426 299 1
299 1678 1
1678 299 1
300 319 2
319 300 2
300 348 1
348 300 1
300 411 1
411 300 1
301 303 1
303 301 1
301 324 4
324 301 4
302 309 1
309 302 1
302 372 6
372 302 6
302 704 1
704 302 1
302 753 3
753 302 3
302 773 1
773 302 1
302 777 1
777 302 1
302 782 1
782 302 1
302 783 1
783 302 1
302 785 1
785 302 1
302 786 1
786 302 1
302 820 2
820 302 2
303 333 1
333 303 1
303 822 1
822 303 1
303 866 2
866 303 2
303 1433 1
1433 303 1
303 1439 1
1439 303 1
303 1447 1
1447 303 1
303 1448 5
1448 303 5
304 324 3
324 304 3
304 333 1
333 304 1
304 400 2
400 304 2
304 403 5
403 304 5
304 1844 1
1844 304 1
305 324 1
324 305 1
305 372 1
372 305 1
306 324 1
324 306 1
306 372 1
372 306 1
307 309 1
309 307 1
307 310 1
310 307 1
307 312 1
312 307 1
307 372 1
372 307 1
307 446 2
446 307 2
307 777 1
777 307 1
307 783 1
783 307 1
307 784 1
784 307 1
307 785 1
785 307 1
307 786 1
786 307 1
307 787 1
787 307 1
307 818 1
818 307 1
307 1251 1
1251 307 1
308 325 2
325 308 2
310 372 1
372 310 1
311 318 1
318 311 1
311 323 1
323 311 1
311 325 1
325 311 1
311 340 4
340 311 4
311 352 1
352 311 1
311 355 1
355 311 1
311 358 2
358 311 2
311 359 2
359 311 2
311 361 3
361 311 3
311 412 1
412 311 1
311 1119 2
1119 311 2
311 1824 1
1824 311 1
311 1833 2
1833 311 2
311 2186 1
2186 311 1
312 400 1
400 312 1
313 320 1
320 313 1
313 422 1
422 313 1
313 1251 2
1251 313 2
314 400 1
400 314 1
315 400 1
400 315 1
315 1251 1
1251 315 1
316 400 2
400 316 2
316 1251 1
1251 316 1
317 319 1
319 317 1
318 320 1
320 318 1
318 321 1
321 318 1
318 400 3
400 318 3
319 374 2
374 319 2
319 375 1
375 319 1
319 376 1
376 319 1
319 379 1
379 319 1
319 381 1
381 319 1
319 382 1
382 319 1
319 415 5
415 319 5
320 322 1
322 320 1
321 400 1
400 321 1
322 323 1
323 322 1
322 338 2
338 322 2
322 358 1
358 322 1
322 422 1
422 322 1
322 776 8
776 322 8
322 797 1
797 322 1
322 798 1
798 322 1
322 800 2
800 322 2
322 1824 1
1824 322 1
324 761 1
761 324 1
324 762 1
762 324 1
324 1292 1
1292 324 1
324 1439 1
1439 324 1
324 1844 1
1844 324 1
325 327 4
327 325 4
325 329 1
329 325 1
325 330 2
330 325 2
325 340 1
340 325 1
325 352 1
352 325 1
325 353 1
353 325 1
325 356 2
356 325 2
325 361 3
361 325 3
325 366 2
366 325 2
325 985 1
985 325 1
325 2186 3
2186 325 3
326 400 2
400 326 2
326 403 2
403 326 2
327 328 1
328 327 1
327 403 3
403 327 3
328 403 1
403 328 1
329 403 1
403 329 1
331 335 12
335 331 12
331 407 1
407 331 1
331 692 4
692 331 4
331 799 2
799 331 2
331 942 1
942 331 1
332 333 1
333 332 1
333 403 1
403 333 1
334 350 2
350 334 2
334 359 1
359 334 1
334 363 2
363 334 2
334 637 2
637 334 2
335 338 3
338 335 3
335 406 1
406 335 1
335 788 1
788 335 1
335 792 2
792 335 2
335 793 1
793 335 1
335 794 5
794 335 5
335 795 3
795 335 3
335 797 1
797 335 1
336 407 24
407 336 24
336 738 2
738 336 2
336 739 2
739 336 2
336 740 4
740 336 4
336 744 1
744 336 1
336 745 3
745 336 3
336 747 1
747 336 1
336 750 8
750 336 8
336 754 1
754 336 1
336 765 2
765 336 2
336 805 4
805 336 4
336 809 1
809 336 1
336 942 1
942 336 1
336 1363 4
1363 336 4
336 2172 3
2172 336 3
337 339 5
339 337 5
337 421 2
421 337 2
337 692 3
692 337 3
337 803 1
803 337 1
338 800 1
800 338 1
338 804 2
804 338 2
338 807 1
807 338 1
339 348 1
348 339 1
339 373 1
373 339 1
339 800 2
800 339 2
339 804 2
804 339 2
339 807 1
807 339 1
339 810 1
810 339 1
339 813 1
813 339 1
339 814 2
814 339 2
340 356 2
356 340 2
340 360 2
360 340 2
340 361 1
361 340 1
340 366 3
366 340 3
340 637 3
637 340 3
341 342 2
342 341 2
341 343 1
343 341 1
341 357 1
357 341 1
341 913 3
913 341 3
342 343 1
343 342 1
342 808 1
808 342 1
344 346 1
346 344 1
344 808 1
808 344 1
345 347 1
347 345 1
348 374 1
374 348 1
348 2069 1
2069 348 1
349 373 1
373 349 1
349 380 1
380 349 1
350 373 1
373 350 1
350 380 1
380 350 1
351 380 1
380 351 1
351 385 1
385 351 1
354 395 1
395 354 1
354 414 1
414 354 1
355 358 1
358 355 1
355 359 2
359 355 2
357 765 1
765 357 1
357 799 1
799 357 1
357 801 1
801 357 1
357 805 5
805 357 5
357 913 2
913 357 2
358 373 1
373 358 1
358 800 2
800 358 2
358 810 1
810 358 1
359 363 2
363 359 2
359 373 1
373 359 1
359 637 1
637 359 1
362 1416 1
1416 362 1
362 1426 1
1426 362 1
363 637 4
637 363 4
364 409 1
409 364 1
364 838 1
838 364 1
364 891 1
891 364 1
365 938 1
938 365 1
365 963 1
963 365 1
365 987 1
987 365 1
365 1021 1
1021 365 1
365 1104 3
1104 365 3
366 1287 1
1287 366 1
367 414 1
414 367 1
367 434 1
434 367 1
367 858 1
858 367 1
367 892 1
892 367 1
367 898 1
898 367 1
367 899 1
899 367 1
367 939 3
939 367 3
367 945 1
945 367 1
367 973 2
973 367 2
367 1805 1
1805 367 1
368 408 2
408 368 2
369 1517 1
1517 369 1
370 393 1
393 370 1
370 397 1
397 370 1
371 990 2
990 371 2
372 763 1
763 372 1
372 764 1
764 372 1
372 766 1
766 372 1
372 767 1
767 372 1
372 768 1
768 372 1
372 770 1
770 372 1
372 771 1
771 372 1
372 772 1
772 372 1
372 775 3
775 372 3
372 802 1
802 372 1
372 811 2
811 372 2
372 823 1
823 372 1
372 1436 1
1436 372 1
372 2046 1
2046 372 1
373 380 1
380 373 1
373 810 3
810 373 3
374 415 1
415 374 1
375 408 2
408 375 2
375 415 2
415 375 2
376 1517 1
1517 376 1
377 415 1
415 377 1
378 838 1
838 378 1
378 857 1
857 378 1
378 892 1
892 378 1
378 893 1
893 378 1
378 898 1
898 378 1
378 901 2
901 378 2
379 1517 1
1517 379 1
382 1517 1
1517 382 1
383 1517 1
1517 383 1
384 1517 1
1517 384 1
385 387 1
387 385 1
385 388 1
388 385 1
385 411 1
411 385 1
385 419 1
419 385 1
385 420 1
420 385 1
385 426 1
426 385 1
385 436 1
436 385 1
386 445 2
445 386 2
386 466 2
466 386 2
386 1474 1
1474 386 1
386 1993 1
1993 386 1
390 2200 1
2200 390 1
390 2305 1
2305 390 1
391 838 1
838 391 1
392 409 1
409 392 1
392 637 1
637 392 1
394 396 1
396 394 1
394 889 1
889 394 1
396 418 1
418 396 1
396 435 1
435 396 1
396 889 3
889 396 3
397 889 1
889 397 1
399 916 1
916 399 1
400 403 1
403 400 1
400 412 1
412 400 1
400 1251 6
1251 400 6
401 434 1
434 401 1
402 955 1
955 402 1
402 961 1
961 402 1
402 979 1
979 402 1
403 2186 1
2186 403 1
404 405 1
405 404 1
405 947 1
947 405 1
406 407 1
407 406 1
407 738 1
738 407 1
407 746 15
746 407 15
408 415 1
415 408 1
408 424 1
424 408 1
409 410 1
410 409 1
409 413 1
413 409 1
409 427 1
427 409 1
409 1789 1
1789 409 1
416 420 1
420 416 1
416 436 2
436 416 2
421 913 2
913 421 2
423 889 2
889 423 2
425 1450 1
1450 425 1
425 1782 7
1782 425 7
425 1886 5
1886 425 5
425 2103 1
2103 425 1
425 2151 1
2151 425 1
425 2153 12
2153 425 12
425 2154 1
2154 425 1
425 2164 1
2164 425 1
425 2165 1
2165 425 1
425 2166 1
2166 425 1
425 2170 1
2170 425 1
425 2171 3
2171 425 3
425 2378 1
2378 425 1
428 2379 1
2379 428 1
429 437 2
437 429 2
429 1811 1
1811 429 1
430 564 1
564 430 1
430 699 1
699 430 1
430 1320 3
1320 430 3
430 1378 3
1378 430 3
430 1381 2
1381 430 2
430 1384 1
1384 430 1
430 1385 1
1385 430 1
430 1399 4
1399 430 4
430 1455 1
1455 430 1
431 1278 1
1278 431 1
431 2057 1
2057 431 1
432 870 1
870 432 1
432 900 1
900 432 1
433 1023 1
1023 433 1
433 1071 1
1071 433 1
434 955 2
955 434 2
434 1805 1
1805 434 1
437 1531 1
1531 437 1
437 1831 1
1831 437 1
438 775 1
775 438 1
438 1418 1
1418 438 1
439 775 1
775 439 1
439 1414 1
1414 439 1
440 627 1
627 440 1
440 1525 1
1525 440 1
440 1528 1
1528 440 1
440 1529 1
1529 440 1
440 1530 1
1530 440 1
440 1531 1
1531 440 1
441 452 11
452 441 11
441 456 2
456 441 2
441 1704 1
1704 441 1
441 1706 1
1706 441 1
441 1708 1
1708 441 1
441 1921 1
1921 441 1
442 626 2
626 442 2
442 628 1
628 442 1
442 629 1
629 442 1
442 630 1
630 442 1
442 631 1
631 442 1
442 632 1
632 442 1
442 642 1
642 442 1
443 2231 2
2231 443 2
443 2305 2
2305 443 2
444 1846 1
1846 444 1
444 1925 1
1925 444 1
444 2112 1
2112 444 1
445 447 2
447 445 2
445 448 1
448 445 1
445 449 1
449 445 1
445 452 1
452 445 1
445 1474 1
1474 445 1
445 1986 1
1986 445 1
445 1989 1
1989 445 1
445 1990 1
1990 445 1
445 1991 1
1991 445 1
445 1996 2
1996 445 2
445 1999 1
1999 445 1
445 2000 1
2000 445 1
445 2408 1
2408 445 1
446 690 4
690 446 4
446 697 16
697 446 16
446 792 8
792 446 8
446 793 3
793 446 3
446 1251 7
1251 446 7
447 452 2
452 447 2
448 452 1
452 448 1
449 452 1
452 449 1
450 454 1
454 450 1
450 461 1
461 450 1
450 465 1
465 450 1
450 610 1
610 450 1
450 1379 1
1379 450 1
450 1482 3
1482 450 3
450 1484 2
1484 450 2
450 1485 1
1485 450 1
450 1535 1
1535 450 1
450 1714 5
1714 450 5
450 1987 1
1987 450 1
450 1992 2
1992 450 2
451 477 1
477 451 1
451 554 1
554 451 1
452 1998 1
1998 452 1
452 2408 1
2408 452 1
453 460 1
460 453 1
453 464 1
464 453 1
453 469 1
469 453 1
453 1913 1
1913 453 1
454 455 1
455 454 1
454 466 3
466 454 3
454 1535 1
1535 454 1
455 456 1
456 455 1
455 466 1
466 455 1
456 460 1
460 456 1
456 467 1
467 456 1
457 459 2
459 457 2
457 468 5
468 457 5
457 651 1
651 457 1
457 654 2
654 457 2
457 655 1
655 457 1
457 656 2
656 457 2
457 658 1
658 457 1
457 659 1
659 457 1
457 1486 1
1486 457 1
457 1487 2
1487 457 2
457 1524 2
1524 457 2
457 1714 4
1714 457 4
457 1905 1
1905 457 1
457 1995 1
1995 457 1
458 462 1
462 458 1
458 1913 1
1913 458 1
459 468 2
468 459 2
459 1484 1
1484 459 1
461 468 1
468 461 1
462 469 1
469 462 1
462 1921 1
1921 462 1
463 1568 2
1568 463 2
463 1601 1
1601 463 1
463 1668 1
1668 463 1
463 1685 1
1685 463 1
464 468 1
468 464 1
465 468 1
468 465 1
466 467 1
467 466 1
466 1473 1
1473 466 1
466 1987 1
1987 466 1
466 1988 1
1988 466 1
466 1993 1
1993 466 1
466 2408 2
2408 466 2
468 658 1
658 468 1
468 1918 1
1918 468 1
469 651 3
651 469 3
469 1916 2
1916 469 2
469 1918 1
1918 469 1
469 1919 1
1919 469 1
470 1698 1
1698 470 1
470 2268 1
2268 470 1
471 522 1
522 471 1
471 539 1
539 471 1
471 562 1
562 471 1
471 574 1
574 471 1
471 1607 1
1607 471 1
472 483 1
483 472 1
472 485 1
485 472 1
472 487 3
487 472 3
472 492 2
492 472 2
472 496 1
496 472 1
472 504 2
504 472 2
472 512 1
512 472 1
472 559 1
559 472 1
472 562 1
562 472 1
472 1676 10
1676 472 10
472 2323 1
2323 472 1
472 2373 1
2373 472 1
473 489 2
489 473 2
473 491 1
491 473 1
473 500 3
500 473 3
473 505 1
505 473 1
473 506 1
506 473 1
473 507 2
507 473 2
473 508 1
508 473 1
473 526 4
526 473 4
473 527 1
527 473 1
473 542 2
542 473 2
473 1304 1
1304 473 1
474 480 1
480 474 1
474 511 1
511 474 1
474 534 3
534 474 3
474 560 3
560 474 3
474 1672 3
1672 474 3
475 562 1
562 475 1
475 563 1
563 475 1
476 492 1
492 476 1
476 1676 1
1676 476 1
477 495 1
495 477 1
477 507 2
507 477 2
477 508 1
508 477 1
477 510 1
510 477 1
477 513 2
513 477 2
477 523 4
523 477 4
478 492 2
492 478 2
479 492 2
492 479 2
480 481 2
481 480 2
480 484 1
484 480 1
480 497 1
497 480 1
480 524 2
524 480 2
480 532 1
532 480 1
480 536 1
536 480 1
480 537 2
537 480 2
480 541 1
541 480 1
480 545 2
545 480 2
480 547 1
547 480 1
480 553 1
553 480 1
480 554 1
554 480 1
480 560 1
560 480 1
480 567 1
567 480 1
480 1266 2
1266 480 2
480 1538 3
1538 480 3
481 549 1
549 481 1
481 2336 1
2336 481 1
482 487 2
487 482 2
482 496 1
496 482 1
482 497 3
497 482 3
483 492 1
492 483 1
483 512 1
512 483 1
483 2196 3
2196 483 3
483 2212 6
2212 483 6
483 2222 2
2222 483 2
483 2323 1
2323 483 1
483 2373 1
2373 483 1
484 535 1
535 484 1
485 504 1
504 485 1
486 500 1
500 486 1
486 558 1
558 486 1
487 504 3
504 487 3
487 552 1
552 487 1
487 2256 1
2256 487 1
487 2328 1
2328 487 1
487 2374 1
2374 487 1
488 489 1
489 488 1
488 490 1
490 488 1
488 500 1
500 488 1
488 561 2
561 488 2
488 1216 1
1216 488 1
489 500 1
500 489 1
489 1216 1
1216 489 1
489 1285 1
1285 489 1
489 1400 2
1400 489 2
490 500 1
500 490 1
491 500 1
500 491 1
492 512 1
512 492 1
492 1684 1
1684 492 1
492 1701 6
1701 492 6
492 2196 1
2196 492 1
494 532 2
532 494 2
494 533 1
533 494 1
494 535 1
535 494 1
494 536 1
536 494 1
494 540 1
540 494 1
494 557 5
557 494 5
495 548 1
548 495 1
496 504 5
504 496 5
496 562 1
562 496 1
496 1672 2
1672 496 2
497 524 1
524 497 1
497 525 1
525 497 1
497 560 1
560 497 1
497 1538 2
1538 497 2
498 518 1
518 498 1
498 1285 1
1285 498 1
498 1289 1
1289 498 1
498 1298 2
1298 498 2
498 1310 1
1310 498 1
498 1406 2
1406 498 2
499 551 2
551 499 2
500 561 1
561 500 1
501 563 1
563 501 1
501 1672 1
1672 501 1
502 1042 1
1042 502 1
502 2013 1
2013 502 1
503 538 1
538 503 1
503 540 1
540 503 1
503 544 1
544 503 1
504 559 1
559 504 1
505 526 1
526 505 1
506 523 1
523 506 1
507 523 1
523 507 1
509 534 2
534 509 2
509 572 1
572 509 1
509 573 1
573 509 1
510 515 2
515 510 2
510 554 1
554 510 1
511 548 1
548 511 1
514 515 2
515 514 2
514 517 1
517 514 1
514 1266 1
1266 514 1
516 517 1
517 516 1
516 520 1
520 516 1
516 555 1
555 516 1
518 523 1
523 518 1
519 523 1
523 519 1
519 557 1
557 519 1
520 523 1
523 520 1
521 523 1
523 521 1
521 557 1
557 521 1
522 1699 1
1699 522 1
523 542 2
542 523 2
524 560 1
560 524 1
525 1672 1
1672 525 1
526 527 1
527 526 1
526 534 1
534 526 1
526 548 3
548 526 3
526 571 1
571 526 1
526 572 1
572 526 1
526 573 1
573 526 1
526 1304 1
1304 526 1
528 529 1
529 528 1
528 1538 1
1538 528 1
529 545 1
545 529 1
529 552 1
552 529 1
529 1538 1
1538 529 1
529 2242 1
2242 529 1
530 545 1
545 530 1
530 1538 1
1538 530 1
531 560 1
560 531 1
531 1672 1
1672 531 1
532 546 1
546 532 1
533 538 1
538 533 1
533 557 1
557 533 1
534 571 1
571 534 1
534 1672 1
1672 534 1
535 1959 1
1959 535 1
538 544 1
544 538 1
538 1336 1
1336 538 1
538 1920 3
1920 538 3
539 561 1
561 539 1
541 567 1
567 541 1
543 2219 1
2219 543 1
543 2225 1
2225 543 1
543 2238 1
2238 543 1
543 2239 2
2239 543 2
543 2314 2
2314 543 2
543 2330 3
2330 543 3
545 547 1
547 545 1
545 2226 1
2226 545 1
545 2376 2
2376 545 2
546 1266 1
1266 546 1
549 1181 1
1181 549 1
549 2336 1
2336 549 1
550 589 1
589 550 1
550 1259 4
1259 550 4
550 1962 1
1962 550 1
551 558 3
558 551 3
551 563 2
563 551 2
551 1672 3
1672 551 3
552 2308 1
2308 552 1
553 554 1
554 553 1
555 557 1
557 555 1
556 1959 1
1959 556 1
557 565 1
565 557 1
557 1920 3
1920 557 3
558 563 2
563 558 2
558 1877 1
1877 558 1
560 1672 1
1672 560 1
561 1877 1
1877 561 1
562 563 3
563 562 3
562 574 1
574 562 1
562 1676 2
1676 562 2
564 1399 1
1399 564 1
565 1289 1
1289 565 1
566 1289 1
1289 566 1
566 1920 1
1920 566 1
568 616 1
616 568 1
568 1966 1
1966 568 1
569 1558 1
1558 569 1
569 1577 2
1577 569 2
569 1586 1
1586 569 1
569 1598 1
1598 569 1
569 1677 1
1677 569 1
569 1684 1
1684 569 1
569 1698 1
1698 569 1
569 1701 1
1701 569 1
569 2268 2
2268 569 2
570 1566 4
1566 570 4
570 1701 2
1701 570 2
570 2196 3
2196 570 3
575 577 1
577 575 1
575 580 1
580 575 1
575 583 2
583 575 2
575 585 1
585 575 1
575 586 1
586 575 1
576 587 1
587 576 1
576 591 1
591 576 1
576 1513 1
1513 576 1
576 1515 1
1515 576 1
576 1734 1
1734 576 1
576 2136 1
2136 576 1
577 1244 2
1244 577 2
577 1250 2
1250 577 2
577 1252 1
1252 577 1
577 1258 1
1258 577 1
578 579 1
579 578 1
578 1332 2
1332 578 2
579 589 1
589 579 1
580 1948 1
1948 580 1
581 588 1
588 581 1
581 590 1
590 581 1
582 584 1
584 582 1
582 1169 1
1169 582 1
583 1513 2
1513 583 2
583 2130 4
2130 583 4
584 588 1
588 584 1
585 591 1
591 585 1
586 588 1
588 586 1
587 918 1
918 587 1
588 593 1
593 588 1
588 2110 1
2110 588 1
589 593 1
593 589 1
590 1948 4
1948 590 4
590 1963 1
1963 590 1
590 2130 4
2130 590 4
590 2263 1
2263 590 1
592 1172 1
1172 592 1
592 1174 4
1174 592 4
592 1175 1
1175 592 1
592 1178 1
1178 592 1
592 1194 1
1194 592 1
594 613 3
613 594 3
594 1489 9
1489 594 9
594 1492 1
1492 594 1
594 1493 1
1493 594 1
594 1495 2
1495 594 2
594 1814 1
1814 594 1
595 596 2
596 595 2
595 602 3
602 595 3
595 1489 12
1489 595 12
595 1490 1
1490 595 1
595 1499 1
1499 595 1
595 1501 2
1501 595 2
595 1503 3
1503 595 3
595 1507 1
1507 595 1
596 599 2
599 596 2
597 1502 1
1502 597 1
597 1516 1
1516 597 1
598 599 1
599 598 1
598 1379 1
1379 598 1
598 1482 3
1482 598 3
598 2409 1
2409 598 1
599 601 2
601 599 2
599 602 1
602 599 1
599 604 1
604 599 1
599 606 1
606 599 1
599 608 1
608 599 1
599 609 1
609 599 1
599 1457 2
1457 599 2
599 1482 1
1482 599 1
599 1483 1
1483 599 1
599 1499 1
1499 599 1
599 1501 3
1501 599 3
599 2409 1
2409 599 1
600 601 1
601 600 1
600 1516 1
1516 600 1
601 605 1
605 601 1
601 606 1
606 601 1
601 607 1
607 601 1
601 608 1
608 601 1
601 610 1
610 601 1
601 613 2
613 601 2
601 1516 1
1516 601 1
601 1893 1
1893 601 1
602 603 1
603 602 1
602 604 1
604 602 1
602 1501 1
1501 602 1
603 613 1
613 603 1
605 613 1
613 605 1
607 1714 1
1714 607 1
609 1482 1
1482 609 1
611 1516 2
1516 611 2
612 614 1
614 612 1
612 617 1
617 612 1
612 1235 2
1235 612 2
613 1489 1
1489 613 1
613 1495 1
1495 613 1
613 1898 1
1898 613 1
614 1221 2
1221 614 2
614 1227 1
1227 614 1
614 1228 4
1228 614 4
614 1231 1
1231 614 1
615 616 5
616 615 5
615 619 2
619 615 2
615 623 1
623 615 1
615 1235 2
1235 615 2
615 1293 1
1293 615 1
615 1400 1
1400 615 1
616 622 1
622 616 1
616 623 1
623 616 1
616 1291 1
1291 616 1
616 1464 1
1464 616 1
616 1966 1
1966 616 1
617 621 1
621 617 1
618 1263 1
1263 618 1
618 1295 1
1295 618 1
618 1301 1
1301 618 1
618 1303 2
1303 618 2
618 1966 2
1966 618 2
620 1088 2
1088 620 2
620 1213 1
1213 620 1
620 1214 1
1214 620 1
620 1215 1
1215 620 1
620 1293 1
1293 620 1
620 1311 1
1311 620 1
620 1317 1
1317 620 1
620 1319 1
1319 620 1
620 1412 2
1412 620 2
621 2126 1
2126 621 1
621 2131 1
2131 621 1
621 2133 1
2133 621 1
622 1966 1
1966 622 1
623 1235 1
1235 623 1
624 914 1
914 624 1
624 1297 1
1297 624 1
624 1460 1
1460 624 1
624 1936 1
1936 624 1
624 1938 1
1938 624 1
624 1940 1
1940 624 1
624 1943 1
1943 624 1
624 1949 1
1949 624 1
624 1967 1
1967 624 1
625 1032 1
1032 625 1
625 1051 1
1051 625 1
627 1831 1
1831 627 1
628 1459 1
1459 628 1
634 635 1
635 634 1
634 636 1
636 634 1
634 639 1
639 634 1
634 640 1
640 634 1
634 641 1
641 634 1
634 971 1
971 634 1
634 1459 3
1459 634 3
634 1557 1
1557 634 1
635 640 1
640 635 1
635 648 3
648 635 3
635 971 1
971 635 1
636 1459 2
1459 636 2
637 879 1
879 637 1
637 880 1
880 637 1
637 891 1
891 637 1
638 834 1
834 638 1
638 863 1
863 638 1
639 1459 1
1459 639 1
641 1459 1
1459 641 1
642 1459 3
1459 642 3
643 650 1
650 643 1
644 1459 1
1459 644 1
645 1459 1
1459 645 1
646 650 1
650 646 1
647 650 1
650 647 1
648 1262 4
1262 648 4
649 910 2
910 649 2
650 1271 4
1271 650 4
650 1459 5
1459 650 5
651 652 3
652 651 3
651 660 1
660 651 1
651 846 1
846 651 1
651 1475 1
1475 651 1
651 1524 3
1524 651 3
651 1721 5
1721 651 5
651 1905 1
1905 651 1
651 1907 1
1907 651 1
651 1908 1
1908 651 1
651 1909 1
1909 651 1
651 1910 2
1910 651 2
651 1916 2
1916 651 2
651 1919 1
1919 651 1
651 1995 1
1995 651 1
652 846 1
846 652 1
652 1903 2
1903 652 2
652 1906 1
1906 652 1
652 1907 1
1907 652 1
652 1908 1
1908 652 1
652 1922 1
1922 652 1
653 660 2
660 653 2
653 1721 2
1721 653 2
653 1723 4
1723 653 4
653 1911 1
1911 653 1
653 2045 2
2045 653 2
653 2047 1
2047 653 1
653 2051 1
2051 653 1
655 1524 1
1524 655 1
657 1524 1
1524 657 1
657 1905 1
1905 657 1
659 1905 1
1905 659 1
660 1522 2
1522 660 2
660 1524 1
1524 660 1
660 1721 1
1721 660 1
661 663 1
663 661 1
661 664 1
664 661 1
661 665 1
665 661 1
661 1195 1
1195 661 1
661 1904 4
1904 661 4
662 670 1
670 662 1
662 912 1
912 662 1
662 1264 1
1264 662 1
662 1904 1
1904 662 1
662 1934 1
1934 662 1
663 669 1
669 663 1
664 667 1
667 664 1
664 668 1
668 664 1
664 670 1
670 664 1
664 1179 1
1179 664 1
664 1190 1
1190 664 1
665 669 1
669 665 1
667 912 1
912 667 1
668 912 1
912 668 1
669 1180 1
1180 669 1
669 1912 1
1912 669 1
671 676 1
676 671 1
671 1212 2
1212 671 2
671 1787 1
1787 671 1
671 1795 1
1795 671 1
672 676 1
676 672 1
672 684 1
684 672 1
673 675 1
675 673 1
673 677 1
677 673 1
673 678 1
678 673 1
673 679 1
679 673 1
673 683 1
683 673 1
673 1969 2
1969 673 2
674 1171 1
1171 674 1
674 1234 1
1234 674 1
674 1239 1
1239 674 1
674 1249 1
1249 674 1
674 1802 1
1802 674 1
675 1969 1
1969 675 1
676 684 1
684 676 1
676 1793 1
1793 676 1
677 688 1
688 677 1
678 688 1
688 678 1
679 684 1
684 679 1
679 688 3
688 679 3
680 681 1
681 680 1
680 683 1
683 680 1
680 685 1
685 680 1
680 1248 2
1248 680 2
681 688 1
688 681 1
682 684 2
684 682 2
684 1226 2
1226 684 2
684 1802 3
1802 684 3
684 1969 3
1969 684 3
685 688 1
688 685 1
686 1862 1
1862 686 1
686 1872 1
1872 686 1
687 688 1
688 687 1
687 1248 1
1248 687 1
688 1840 2
1840 688 2
688 1842 1
1842 688 1
688 1848 1
1848 688 1
688 1849 1
1849 688 1
688 1852 1
1852 688 1
688 1859 1
1859 688 1
689 1243 1
1243 689 1
689 1254 1
1254 689 1
689 2101 2
2101 689 2
689 2106 1
2106 689 1
689 2107 1
2107 689 1
689 2111 1
2111 689 1
690 696 3
696 690 3
690 697 4
697 690 4
690 704 4
704 690 4
690 710 1
710 690 1
690 753 1
753 690 1
690 769 1
769 690 1
691 696 3
696 691 3
691 698 1
698 691 1
691 704 1
704 691 1
691 705 1
705 691 1
691 706 1
706 691 1
691 1393 1
1393 691 1
691 1394 1
1394 691 1
691 1395 1
1395 691 1
691 1396 1
1396 691 1
691 1443 6
1443 691 6
692 803 1
803 692 1
693 699 19
699 693 19
693 709 1
709 693 1
693 712 1
712 693 1
693 722 1
722 693 1
693 723 1
723 693 1
693 774 3
774 693 3
694 709 1
709 694 1
694 715 1
715 694 1
694 774 2
774 694 2
695 696 2
696 695 2
695 698 2
698 695 2
695 819 1
819 695 1
696 707 1
707 696 1
696 715 1
715 696 1
696 1669 1
1669 696 1
697 731 1
731 697 1
697 732 2
732 697 2
697 733 1
733 697 1
697 734 7
734 697 7
697 769 1
769 697 1
697 774 4
774 697 4
697 779 1
779 697 1
697 780 1
780 697 1
697 781 1
781 697 1
697 789 1
789 697 1
697 790 1
790 697 1
697 791 1
791 697 1
697 806 2
806 697 2
698 703 1
703 698 1
698 705 1
705 698 1
698 706 1
706 698 1
698 819 6
819 698 6
698 1391 5
1391 698 5
699 700 3
700 699 3
699 702 1
702 699 1
699 703 1
703 699 1
699 819 13
819 699 13
699 1337 1
1337 699 1
699 1351 1
1351 699 1
699 1384 1
1384 699 1
699 1386 2
1386 699 2
699 1388 1
1388 699 1
699 1389 1
1389 699 1
699 1390 2
1390 699 2
699 1391 6
1391 699 6
699 2138 1
2138 699 1
700 702 1
702 700 1
700 711 1
711 700 1
700 758 1
758 700 1
704 753 2
753 704 2
704 763 3
763 704 3
704 766 1
766 704 1
704 767 1
767 704 1
704 768 1
768 704 1
704 770 1
770 704 1
704 771 1
771 704 1
704 772 1
772 704 1
704 773 1
773 704 1
704 775 2
775 704 2
704 782 1
782 704 1
704 811 2
811 704 2
704 820 2
820 704 2
704 1350 6
1350 704 6
704 1436 1
1436 704 1
704 1443 21
1443 704 21
704 1454 1
1454 704 1
704 1458 2
1458 704 2
704 1933 1
1933 704 1
707 819 1
819 707 1
708 715 1
715 708 1
708 819 1
819 708 1
710 774 1
774 710 1
712 716 1
716 712 1
712 758 1
758 712 1
712 1437 2
1437 712 2
713 758 1
758 713 1
715 819 1
819 715 1
717 975 1
975 717 1
720 722 1
722 720 1
720 734 2
734 720 2
720 1437 2
1437 720 2
721 734 2
734 721 2
721 774 2
774 721 2
723 1437 1
1437 723 1
724 734 3
734 724 3
724 774 3
774 724 3
725 758 1
758 725 1
726 728 1
728 726 1
726 1437 1
1437 726 1
727 728 27
728 727 27
727 730 2
730 727 2
727 734 12
734 727 12
727 735 1
735 727 1
727 736 4
736 727 4
727 737 6
737 727 6
727 738 4
738 727 4
727 1810 12
1810 727 12
728 729 1
729 728 1
728 734 2
734 728 2
728 929 1
929 728 1
728 1437 2
1437 728 2
729 735 1
735 729 1
729 1810 1
1810 729 1
730 734 2
734 730 2
731 734 1
734 731 1
732 734 2
734 732 2
733 734 1
734 733 1
734 736 4
736 734 4
734 737 16
737 734 16
734 779 1
779 734 1
734 780 1
780 734 1
734 781 1
781 734 1
734 789 1
789 734 1
734 790 1
790 734 1
734 791 1
791 734 1
734 806 3
806 734 3
734 2320 1
2320 734 1
737 738 1
738 737 1
737 746 13
746 737 13
737 796 1
796 737 1
738 746 5
746 738 5
739 1810 2
1810 739 2
740 1810 4
1810 740 4
741 751 1
751 741 1
742 745 1
745 742 1
745 752 1
752 745 1
746 788 1
788 746 1
746 796 1
796 746 1
748 751 1
751 748 1
751 756 1
756 751 1
752 755 1
755 752 1
759 802 1
802 759 1
759 1931 1
1931 759 1
760 775 1
775 760 1
760 802 1
802 760 1
761 802 1
802 761 1
762 823 1
823 762 1
763 764 1
764 763 1
765 805 1
805 765 1
765 812 1
812 765 1
774 1669 1
1669 774 1
774 2320 1
2320 774 1
775 1191 1
1191 775 1
775 1382 1
1382 775 1
775 1418 1
1418 775 1
775 1427 1
1427 775 1
775 1444 1
1444 775 1
775 1454 1
1454 775 1
775 1458 3
1458 775 3
775 2046 1
2046 775 1
776 1251 8
1251 776 8
778 2251 1
2251 778 1
778 2375 1
2375 778 1
784 1251 1
1251 784 1
787 1251 1
1251 787 1
792 794 5
794 792 5
792 806 2
806 792 2
793 795 1
795 793 1
793 1251 1
1251 793 1
795 1251 2
1251 795 2
798 1251 1
1251 798 1
799 803 1
803 799 1
800 814 1
814 800 1
801 803 1
803 801 1
802 823 2
823 802 2
802 1382 2
1382 802 2
802 1417 1
1417 802 1
802 1419 1
1419 802 1
802 1422 1
1422 802 1
802 1434 1
1434 802 1
802 1931 1
1931 802 1
808 812 2
812 808 2
810 814 1
814 810 1
815 1242 1
1242 815 1
815 1243 1
1243 815 1
818 1251 1
1251 818 1
821 1711 1
1711 821 1
821 1901 3
1901 821 3
822 1931 1
1931 822 1
824 825 1
825 824 1
824 1835 1
1835 824 1
824 1930 1
1930 824 1
824 1968 1
1968 824 1
825 1930 1
1930 825 1
825 2109 1
2109 825 1
826 1827 1
1827 826 1
826 1835 1
1835 826 1
827 1796 3
1796 827 3
827 1858 1
1858 827 1
827 2113 1
2113 827 1
827 2116 1
2116 827 1
828 835 1
835 828 1
828 861 1
861 828 1
828 1533 1
1533 828 1
829 1449 1
1449 829 1
829 2134 1
2134 829 1
830 841 1
841 830 1
830 888 2
888 830 2
830 897 1
897 830 1
830 901 3
901 830 3
831 848 3
848 831 3
831 855 1
855 831 1
831 859 1
859 831 1
831 862 1
862 831 1
831 864 2
864 831 2
831 865 1
865 831 1
831 1820 1
1820 831 1
832 1182 1
1182 832 1
832 1861 1
1861 832 1
833 874 1
874 833 1
833 875 1
875 833 1
833 876 1
876 833 1
833 985 2
985 833 2
834 848 3
848 834 3
834 855 2
855 834 2
834 862 1
862 834 1
834 867 1
867 834 1
834 868 2
868 834 2
834 886 1
886 834 1
834 1013 1
1013 834 1
834 1020 1
1020 834 1
834 1030 2
1030 834 2
834 1149 1
1149 834 1
834 1161 1
1161 834 1
835 851 1
851 835 1
835 861 1
861 835 1
836 852 1
852 836 1
836 873 1
873 836 1
837 838 2
838 837 2
837 854 2
854 837 2
837 857 1
857 837 1
837 890 1
890 837 1
838 887 1
887 838 1
838 890 1
890 838 1
838 891 1
891 838 1
838 905 1
905 838 1
839 866 2
866 839 2
839 883 1
883 839 1
840 861 1
861 840 1
840 895 1
895 840 1
841 908 1
908 841 1
842 888 1
888 842 1
842 915 1
915 842 1
843 883 1
883 843 1
843 903 1
903 843 1
844 861 1
861 844 1
844 873 1
873 844 1
845 853 1
853 845 1
845 856 1
856 845 1
845 895 1
895 845 1
845 896 1
896 845 1
847 851 1
851 847 1
847 882 1
882 847 1
847 903 1
903 847 1
847 1533 1
1533 847 1
848 1004 1
1004 848 1
848 1045 1
1045 848 1
848 1149 1
1149 848 1
849 864 1
864 849 1
849 1829 1
1829 849 1
850 904 1
904 850 1
850 1829 1
1829 850 1
851 885 1
885 851 1
851 903 2
903 851 2
852 1820 1
1820 852 1
853 855 1
855 853 1
853 863 1
863 853 1
853 900 1
900 853 1
853 1820 1
1820 853 1
854 888 1
888 854 1
854 893 1
893 854 1
856 894 1
894 856 1
858 869 2
869 858 2
858 897 1
897 858 1
858 899 1
899 858 1
858 908 1
908 858 1
858 973 2
973 858 2
858 1726 1
1726 858 1
859 864 1
864 859 1
860 1710 1
1710 860 1
860 2316 1
2316 860 1
861 906 1
906 861 1
861 915 1
915 861 1
861 1820 2
1820 861 2
861 1829 3
1829 861 3
863 900 1
900 863 1
864 865 1
865 864 1
864 904 2
904 864 2
864 1820 1
1820 864 1
867 870 1
870 867 1
869 895 1
895 869 1
869 908 2
908 869 2
870 900 1
900 870 1
870 909 1
909 870 1
870 959 4
959 870 4
870 963 2
963 870 2
870 987 1
987 870 1
870 1130 1
1130 870 1
870 1707 1
1707 870 1
870 2092 1
2092 870 1
871 1303 1
1303 871 1
871 1451 3
1451 871 3
871 2090 1
2090 871 1
872 1172 1
1172 872 1
872 1194 1
1194 872 1
873 1807 1
1807 873 1
874 985 1
985 874 1
876 985 1
985 876 1
878 917 3
917 878 3
878 1206 1
1206 878 1
879 880 2
880 879 2
879 1287 1
1287 879 1
880 881 1
881 880 1
880 884 1
884 880 1
880 887 1
887 880 1
880 905 1
905 880 1
881 882 1
882 881 1
882 884 1
884 882 1
882 985 1
985 882 1
885 1829 1
1829 885 1
886 909 1
909 886 1
894 900 2
900 894 2
894 956 1
956 894 1
895 896 1
896 895 1
895 908 1
908 895 1
895 948 1
948 895 1
895 956 2
956 895 2
895 1726 1
1726 895 1
895 1807 1
1807 895 1
898 901 1
901 898 1
904 1829 1
1829 904 1
906 1829 1
1829 906 1
907 2352 2
2352 907 2
909 1030 1
1030 909 1
909 1707 1
1707 909 1
910 2257 2
2257 910 2
910 2258 3
2258 910 3
911 1182 1
1182 911 1
911 1829 1
1829 911 1
912 936 1
936 912 1
912 2004 3
2004 912 3
912 2015 1
2015 912 1
914 1309 1
1309 914 1
914 2134 1
2134 914 1
917 918 3
918 917 3
917 1197 1
1197 917 1
917 1207 1
1207 917 1
918 1791 1
1791 918 1
919 923 1
923 919 1
919 926 1
926 919 1
919 930 1
930 919 1
919 933 3
933 919 3
920 931 1
931 920 1
920 932 1
932 920 1
920 934 4
934 920 4
921 934 1
934 921 1
921 1205 1
1205 921 1
921 1211 1
1211 921 1
922 934 1
934 922 1
922 2081 1
2081 922 1
922 2086 2
2086 922 2
922 2097 1
2097 922 1
923 1233 1
1233 923 1
923 2096 1
2096 923 1
924 2200 1
2200 924 1
924 2305 1
2305 924 1
925 928 1
928 925 1
925 934 1
934 925 1
926 931 1
931 926 1
927 934 2
934 927 2
928 934 1
934 928 1
928 1526 2
1526 928 2
929 1437 1
1437 929 1
930 932 1
932 930 1
933 1983 1
1983 933 1
933 2126 1
2126 933 1
933 2136 1
2136 933 1
934 2096 2
2096 934 2
935 1204 1
1204 935 1
935 1208 1
1208 935 1
935 1817 2
1817 935 2
936 1265 1
1265 936 1
937 1490 2
1490 937 2
937 2349 1
2349 937 1
938 963 1
963 938 1
938 972 1
972 938 1
938 1144 2
1144 938 2
939 958 1
958 939 1
939 959 1
959 939 1
939 964 1
964 939 1
939 1514 1
1514 939 1
941 965 1
965 941 1
941 966 1
966 941 1
943 944 2
944 943 2
943 1120 1
1120 943 1
943 1508 1
1508 943 1
943 1511 1
1511 943 1
943 1720 1
1720 943 1
943 1724 3
1724 943 3
943 1727 1
1727 943 1
943 1728 4
1728 943 4
943 1732 2
1732 943 2
943 1985 1
1985 943 1
943 2174 1
2174 943 1
943 2175 1
2175 943 1
944 950 1
950 944 1
944 965 1
965 944 1
944 1730 1
1730 944 1
944 1738 2
1738 944 2
944 2175 4
2175 944 4
945 960 1
960 945 1
946 965 1
965 946 1
946 970 1
970 946 1
946 1738 2
1738 946 2
947 1738 1
1738 947 1
948 958 1
958 948 1
948 973 1
973 948 1
949 955 1
955 949 1
949 967 1
967 949 1
949 968 1
968 949 1
949 974 1
974 949 1
949 977 1
977 949 1
949 1563 1
1563 949 1
949 1725 1
1725 949 1
950 965 1
965 950 1
951 965 1
965 951 1
951 1729 1
1729 951 1
952 965 2
965 952 2
953 965 2
965 953 2
954 1769 3
1769 954 3
954 1780 1
1780 954 1
954 1785 10
1785 954 10
955 961 2
961 955 2
955 967 1
967 955 1
955 968 1
968 955 1
956 964 1
964 956 1
957 965 4
965 957 4
959 962 1
962 959 1
959 1725 1
1725 959 1
959 2092 1
2092 959 1
960 1514 1
1514 960 1
961 1602 2
1602 961 2
961 1738 3
1738 961 3
962 1514 1
1514 962 1
965 966 2
966 965 2
965 988 3
988 965 3
965 1236 1
1236 965 1
965 1675 2
1675 965 2
965 1729 5
1729 965 5
965 1730 1
1730 965 1
965 1733 2
1733 965 2
965 1739 1
1739 965 1
966 1722 2
1722 966 2
966 1729 3
1729 966 3
967 1514 1
1514 967 1
968 969 3
969 968 3
969 970 2
970 969 2
969 976 2
976 969 2
969 1729 1
1729 969 1
970 1738 1
1738 970 1
972 1725 1
1725 972 1
974 1725 1
1725 974 1
976 977 1
977 976 1
976 997 1
997 976 1
976 998 1
998 976 1
976 999 1
999 976 1
976 1001 1
1001 976 1
976 1011 1
1011 976 1
976 1136 2
1136 976 2
976 1162 1
1162 976 1
976 1563 1
1563 976 1
976 1729 2
1729 976 2
978 1552 1
1552 978 1
978 1661 2
1661 978 2
978 1710 1
1710 978 1
978 2188 4
2188 978 4
978 2312 3
2312 978 3
978 2313 1
2313 978 1
979 980 1
980 979 1
979 1602 2
1602 979 2
980 1738 1
1738 980 1
981 1735 3
1735 981 3
981 1753 2
1753 981 2
981 1777 1
1777 981 1
982 1004 2
1004 982 2
982 1036 1
1036 982 1
982 2135 1
2135 982 1
982 2137 2
2137 982 2
983 1556 3
1556 983 3
983 1559 1
1559 983 1
983 1564 1
1564 983 1
983 1613 1
1613 983 1
983 1634 1
1634 983 1
983 1641 1
1641 983 1
984 990 1
990 984 1
984 1032 4
1032 984 4
984 1053 3
1053 984 3
984 1087 1
1087 984 1
984 1103 1
1103 984 1
984 1106 1
1106 984 1
984 1108 1
1108 984 1
984 1896 1
1896 984 1
985 1287 2
1287 985 2
986 1012 1
1012 986 1
986 1022 2
1022 986 2
986 1034 2
1034 986 2
986 1147 4
1147 986 4
986 1722 1
1722 986 1
986 1729 3
1729 986 3
986 1869 1
1869 986 1
987 1040 1
1040 987 1
987 1130 1
1130 987 1
988 1502 1
1502 988 1
988 1712 2
1712 988 2
988 1715 3
1715 988 3
988 1716 2
1716 988 2
988 1718 1
1718 988 1
988 1719 1
1719 988 1
988 1731 1
1731 988 1
988 1733 2
1733 988 2
988 1736 2
1736 988 2
988 1739 1
1739 988 1
989 992 2
992 989 2
989 1018 1
1018 989 1
989 1019 2
1019 989 2
989 1055 1
1055 989 1
989 1153 1
1153 989 1
989 1157 1
1157 989 1
989 2132 1
2132 989 1
990 1002 2
1002 990 2
990 1027 1
1027 990 1
990 1028 1
1028 990 1
990 1113 1
1113 990 1
990 1116 1
1116 990 1
990 1125 2
1125 990 2
990 1131 1
1131 990 1
990 1134 1
1134 990 1
990 1135 2
1135 990 2
990 2276 1
2276 990 1
991 992 2
992 991 2
991 1003 4
1003 991 4
991 1136 1
1136 991 1
991 1144 2
1144 991 2
992 1003 3
1003 992 3
992 1005 4
1005 992 4
992 1008 2
1008 992 2
992 1009 2
1009 992 2
992 1021 1
1021 992 1
992 1057 1
1057 992 1
992 1124 3
1124 992 3
992 1128 1
1128 992 1
992 1143 1
1143 992 1
992 2132 1
2132 992 1
993 1136 2
1136 993 2
993 1144 2
1144 993 2
994 1122 2
1122 994 2
994 1126 1
1126 994 1
994 1128 1
1128 994 1
994 1143 1
1143 994 1
994 1153 1
1153 994 1
994 1154 1
1154 994 1
994 2001 1
2001 994 1
995 1023 2
1023 995 2
995 1053 1
1053 995 1
995 1083 2
1083 995 2
995 1107 1
1107 995 1
995 1109 1
1109 995 1
995 1117 1
1117 995 1
996 1056 4
1056 996 4
996 1064 1
1064 996 1
996 1084 2
1084 996 2
996 1129 4
1129 996 4
997 1011 1
1011 997 1
997 1012 1
1012 997 1
997 1729 3
1729 997 3
998 1136 1
1136 998 1
999 1136 1
1136 999 1
1000 1089 5
1089 1000 5
1000 1092 1
1092 1000 1
1000 1093 1
1093 1000 1
1000 1094 1
1094 1000 1
1000 1095 1
1095 1000 1
1000 1141 1
1141 1000 1
1000 1165 2
1165 1000 2
1001 1136 1
1136 1001 1
1002 1114 1
1114 1002 1
1002 1115 1
1115 1002 1
1002 1150 3
1150 1002 3
1003 1012 6
1012 1003 6
1003 1019 3
1019 1003 3
1003 1044 2
1044 1003 2
1003 1136 4
1136 1003 4
1004 1861 1
1861 1004 1
1004 2144 2
2144 1004 2
1006 1145 1
1145 1006 1
1006 1154 1
1154 1006 1
1006 2013 3
2013 1006 3
1007 1040 4
1040 1007 4
1007 1058 1
1058 1007 1
1007 1137 1
1137 1007 1
1007 1156 1
1156 1007 1
1007 1201 1
1201 1007 1
1010 1029 1
1029 1010 1
1010 1043 1
1043 1010 1
1012 1022 1
1022 1012 1
1012 1034 1
1034 1012 1
1012 1049 1
1049 1012 1
1012 1729 4
1729 1012 4
1013 1030 2
1030 1013 2
1014 1049 1
1049 1014 1
1014 1729 1
1729 1014 1
1015 1729 2
1729 1015 2
1016 1729 2
1729 1016 2
1017 2071 1
2071 1017 1
1017 2073 2
2073 1017 2
1017 2079 1
2079 1017 1
1018 1131 1
1131 1018 1
1019 1055 1
1055 1019 1
1020 1045 1
1045 1020 1
1020 1046 1
1046 1020 1
1020 1148 1
1148 1020 1
1021 1104 1
1104 1021 1
1021 1144 2
1144 1021 2
1022 1024 2
1024 1022 2
1022 1147 1
1147 1022 1
1023 1052 2
1052 1023 2
1023 1060 11
1060 1023 11
1023 1083 1
1083 1023 1
1023 1085 1
1085 1023 1
1023 1098 5
1098 1023 5
1023 1110 1
1110 1023 1
1023 1111 1
1111 1023 1
1023 1142 1
1142 1023 1
1023 1146 1
1146 1023 1
1024 1026 1
1026 1024 1
1024 1147 3
1147 1024 3
1025 1032 1
1032 1025 1
1025 2147 1
2147 1025 1
1026 1055 1
1055 1026 1
1026 2087 2
2087 1026 2
1027 2037 1
2037 1027 1
1027 2040 1
2040 1027 1
1028 1055 2
1055 1028 2
1028 2087 2
2087 1028 2
1029 1468 1
1468 1029 1
1030 1040 1
1040 1030 1
1030 1158 1
1158 1030 1
1030 2108 1
2108 1030 1
1031 2087 1
2087 1031 1
1031 2276 1
2276 1031 1
1032 1051 1
1051 1032 1
1032 1053 1
1053 1032 1
1032 1054 1
1054 1032 1
1033 1036 1
1036 1033 1
1033 1037 1
1037 1033 1
1033 1038 2
1038 1033 2
1033 1567 3
1567 1033 3
1033 2144 5
2144 1033 5
1034 1729 1
1729 1034 1
1035 1037 1
1037 1035 1
1035 1084 1
1084 1035 1
1035 1160 2
1160 1035 2
1038 1051 4
1051 1038 4
1038 1160 3
1160 1038 3
1039 1122 1
1122 1039 1
1039 1151 1
1151 1039 1
1039 2001 1
2001 1039 1
1040 1130 1
1130 1040 1
1040 1158 1
1158 1040 1
1041 1052 2
1052 1041 2
1041 1121 2
1121 1041 2
1041 1122 2
1122 1041 2
1041 1123 1
1123 1041 1
1041 1127 2
1127 1041 2
1041 1145 1
1145 1041 1
1042 1137 1
1137 1042 1
1042 1140 1
1140 1042 1
1042 1851 1
1851 1042 1
1043 1050 1
1050 1043 1
1043 1058 1
1058 1043 1
1043 1156 1
1156 1043 1
1043 1161 1
1161 1043 1
1044 1055 2
1055 1044 2
1046 1140 5
1140 1046 5
1046 1468 2
1468 1046 2
1047 1321 1
1321 1047 1
1047 1371 1
1371 1047 1
1048 1061 1
1061 1048 1
1048 1062 1
1062 1048 1
1048 1086 3
1086 1048 3
1048 1092 1
1092 1048 1
1048 1129 1
1129 1048 1
1048 1148 1
1148 1048 1
1049 1729 2
1729 1049 2
1050 1468 1
1468 1050 1
1051 1054 1
1054 1051 1
1052 1167 1
1167 1052 1
1053 1072 1
1072 1053 1
1053 1076 1
1076 1053 1
1053 1079 2
1079 1053 2
1053 1087 1
1087 1053 1
1055 1157 1
1157 1055 1
1056 1067 2
1067 1056 2
1056 1073 1
1073 1056 1
1056 1160 4
1160 1056 4
1057 1137 1
1137 1057 1
1059 1063 1
1063 1059 1
1059 1064 1
1064 1059 1
1059 1065 1
1065 1059 1
1059 1066 1
1066 1059 1
1059 1068 1
1068 1059 1
1059 1069 1
1069 1059 1
1059 1141 1
1141 1059 1
1060 1071 5
1071 1060 5
1060 1078 2
1078 1060 2
1060 1080 1
1080 1060 1
1060 1081 1
1081 1060 1
1060 1096 2
1096 1060 2
1060 1098 6
1098 1060 6
1060 1099 1
1099 1060 1
1060 1100 1
1100 1060 1
1060 1101 1
1101 1060 1
1060 1102 1
1102 1060 1
1060 1155 1
1155 1060 1
1061 1129 1
1129 1061 1
1062 1063 1
1063 1062 1
1063 1070 1
1070 1063 1
1065 1066 1
1066 1065 1
1065 1067 2
1067 1065 2
1065 1068 1
1068 1065 1
1065 1069 1
1069 1065 1
1065 1071 7
1071 1065 7
1065 1078 2
1078 1065 2
1065 1080 1
1080 1065 1
1065 1081 1
1081 1065 1
1065 1094 1
1094 1065 1
1065 1095 1
1095 1065 1
1065 1096 1
1096 1065 1
1070 1165 1
1165 1070 1
1071 1074 1
1074 1071 1
1071 1075 1
1075 1071 1
1071 1077 1
1077 1071 1
1071 1079 2
1079 1071 2
1071 1083 1
1083 1071 1
1071 1085 1
1085 1071 1
1071 1155 1
1155 1071 1
1072 1160 1
1160 1072 1
1073 1074 1
1074 1073 1
1073 1075 1
1075 1073 1
1073 1076 1
1076 1073 1
1073 1077 1
1077 1073 1
1073 1160 3
1160 1073 3
1082 1103 2
1103 1082 2
1082 1108 1
1108 1082 1
1082 1109 1
1109 1082 1
1082 1112 1
1112 1082 1
1082 1113 1
1113 1082 1
1086 1090 1
1090 1086 1
1086 1091 1
1091 1086 1
1086 1093 1
1093 1086 1
1088 1318 3
1318 1088 3
1089 1096 1
1096 1089 1
1089 1097 3
1097 1089 3
1089 1099 1
1099 1089 1
1089 1100 1
1100 1089 1
1089 1101 1
1101 1089 1
1090 2013 1
2013 1090 1
1091 1140 1
1140 1091 1
1097 1102 1
1102 1097 1
1097 2013 4
2013 1097 4
1098 1118 1
1118 1098 1
1098 1121 1
1121 1098 1
1098 1123 1
1123 1098 1
1103 1106 1
1106 1103 1
1103 1107 1
1107 1103 1
1103 1117 1
1117 1103 1
1104 1124 2
1124 1104 2
1105 1188 1
1188 1105 1
1105 2148 1
2148 1105 1
1109 1112 1
1112 1109 1
1110 1150 1
1150 1110 1
1111 1150 1
1150 1111 1
1112 1115 1
1115 1112 1
1112 1116 1
1116 1112 1
1114 1150 1
1150 1114 1
1118 2013 1
2013 1118 1
1120 1720 1
1720 1120 1
1121 1152 2
1152 1121 2
1124 1201 1
1201 1124 1
1126 1154 1
1154 1126 1
1127 1154 2
1154 1127 2
1128 1132 1
1132 1128 1
1129 1148 1
1148 1129 1
1130 2108 1
2108 1130 1
1131 1134 1
1134 1131 1
1131 1150 2
1150 1131 2
1131 1151 1
1151 1131 1
1132 2013 1
2013 1132 1
1133 1278 1
1278 1133 1
1133 2060 1
2060 1133 1
1136 1144 1
1144 1136 1
1138 2146 1
2146 1138 1
1138 2149 1
2149 1138 1
1139 2167 2
2167 1139 2
1139 2214 1
2214 1139 1
1139 2240 1
2240 1139 1
1139 2335 2
2335 1139 2
1140 1148 1
1148 1140 1
1140 1851 1
1851 1140 1
1140 2013 7
2013 1140 7
1142 1150 1
1150 1142 1
1146 1150 1
1150 1146 1
1147 1723 7
1723 1147 7
1150 1167 1
1167 1150 1
1152 2013 1
2013 1152 1
1159 2213 1
2213 1159 1
1159 2240 1
2240 1159 1
1160 1567 3
1567 1160 3
1162 1729 1
1729 1162 1
1163 1324 1
1324 1163 1
1163 2193 1
2193 1163 1
1164 1561 1
1561 1164 1
1164 1693 1
1693 1164 1
1166 1322 1
1322 1166 1
1166 1441 1
1441 1166 1
1168 1170 4
1170 1168 4
1168 1174 1
1174 1168 1
1168 1183 1
1183 1168 1
1168 2042 1
2042 1168 1
1168 2146 1
2146 1168 1
1169 1184 1
1184 1169 1
1169 1912 1
1912 1169 1
1170 1174 1
1174 1170 1
1170 1179 1
1179 1170 1
1170 1190 1
1190 1170 1
1170 2142 3
2142 1170 3
1171 1234 1
1234 1171 1
1171 1792 1
1792 1171 1
1171 1802 3
1802 1171 3
1172 1173 1
1173 1172 1
1172 1186 1
1186 1172 1
1173 1187 1
1187 1173 1
1174 1175 1
1175 1174 1
1174 1178 1
1178 1174 1
1174 1189 1
1189 1174 1
1174 1256 1
1256 1174 1
1174 2142 2
2142 1174 2
1176 1177 2
1177 1176 2
1176 1941 2
1941 1176 2
1176 1946 1
1946 1176 1
1177 1184 1
1184 1177 1
1177 1941 1
1941 1177 1
1177 1963 1
1963 1177 1
1180 1912 1
1912 1180 1
1181 1959 1
1959 1181 1
1182 1861 1
1861 1182 1
1183 1188 1
1188 1183 1
1185 1196 3
1196 1185 3
1185 1199 3
1199 1185 3
1185 1202 1
1202 1185 1
1185 1209 1
1209 1185 1
1186 2145 1
2145 1186 1
1187 1192 1
1192 1187 1
1188 2147 1
2147 1188 1
1189 1192 1
1192 1189 1
1191 1382 1
1382 1191 1
1192 1912 2
1912 1192 2
1193 2330 1
2330 1193 1
1193 2333 1
2333 1193 1
1194 2139 1
2139 1194 1
1194 2141 1
2141 1194 1
1194 2148 1
2148 1194 1
1195 1256 1
1256 1195 1
1196 1200 1
1200 1196 1
1196 1205 1
1205 1196 1
1196 1209 1
1209 1196 1
1196 2082 3
2082 1196 3
1197 1198 1
1198 1197 1
1198 1199 1
1199 1198 1
1199 1788 1
1788 1199 1
1199 1792 1
1792 1199 1
1200 2063 1
2063 1200 1
1202 2082 1
2082 1202 1
1203 2063 1
2063 1203 1
1203 2065 1
2065 1203 1
1203 2068 1
2068 1203 1
1203 2085 1
2085 1203 1
1203 2098 1
2098 1203 1
1204 1210 2
1210 1204 2
1206 1526 1
1526 1206 1
1207 1211 1
1211 1207 1
1208 1210 1
1210 1208 1
1210 1212 1
1212 1210 1
1210 1790 1
1790 1210 1
1210 1800 1
1800 1210 1
1210 1801 2
1801 1210 2
1210 1804 2
1804 1210 2
1212 2405 3
2405 1212 3
1213 1400 1
1400 1213 1
1214 1400 1
1400 1214 1
1215 1293 1
1293 1215 1
1217 1220 1
1220 1217 1
1217 1221 2
1221 1217 2
1217 1222 1
1222 1217 1
1217 1225 1
1225 1217 1
1218 1219 1
1219 1218 1
1218 1228 5
1228 1218 5
1218 1232 4
1232 1218 4
1218 1279 2
1279 1218 2
1218 1280 1
1280 1218 1
1218 1283 1
1283 1218 1
1218 1284 1
1284 1218 1
1218 2044 1
2044 1218 1
1219 1812 1
1812 1219 1
1220 1232 1
1232 1220 1
1221 1227 1
1227 1221 1
1221 1231 1
1231 1221 1
1222 1569 1
1569 1222 1
1224 1284 1
1284 1224 1
1224 2096 1
2096 1224 1
1225 1228 1
1228 1225 1
1228 1230 1
1230 1228 1
1228 1231 2
1231 1228 2
1228 2411 1
2411 1228 1
1229 1232 1
1232 1229 1
1229 1277 2
1277 1229 2
1229 1576 1
1576 1229 1
1229 1638 1
1638 1229 1
1230 1233 1
1233 1230 1
1232 1956 1
1956 1232 1
1236 1729 1
1729 1236 1
1237 1887 1
1887 1237 1
1238 1240 2
1240 1238 2
1238 1241 1
1241 1238 1
1239 1246 1
1246 1239 1
1239 1253 1
1253 1239 1
1239 1261 1
1261 1239 1
1239 2043 1
2043 1239 1
1240 1243 2
1243 1240 2
1240 1255 1
1255 1240 1
1240 1845 1
1845 1240 1
1241 1257 1
1257 1241 1
1241 1850 1
1850 1241 1
1242 1244 1
1244 1242 1
1242 1250 3
1250 1242 3
1242 1259 2
1259 1242 2
1242 1260 1
1260 1242 1
1242 1845 1
1845 1242 1
1243 1260 1
1260 1243 1
1244 1245 1
1245 1244 1
1244 1250 2
1250 1244 2
1245 1259 1
1259 1245 1
1246 1252 1
1252 1246 1
1247 2231 1
2231 1247 1
1247 2278 1
2278 1247 1
1248 1794 1
1794 1248 1
1248 1797 1
1797 1248 1
1248 1804 2
1804 1248 2
1248 1808 1
1808 1248 1
1248 1854 1
1854 1248 1
1248 1857 1
1857 1248 1
1249 2043 1
2043 1249 1
1253 1258 1
1258 1253 1
1254 2075 1
2075 1254 1
1255 1802 1
1802 1255 1
1256 2142 1
2142 1256 1
1257 1838 4
1838 1257 4
1257 1840 1
1840 1257 1
1257 1842 1
1842 1257 1
1257 1843 1
1843 1257 1
1257 1846 1
1846 1257 1
1257 1850 1
1850 1257 1
1257 1917 2
1917 1257 2
1257 1924 1
1924 1257 1
1257 1929 1
1929 1257 1
1259 2101 2
2101 1259 2
1261 1980 1
1980 1261 1
1262 1264 1
1264 1262 1
1262 1267 1
1267 1262 1
1262 1269 1
1269 1262 1
1262 1276 1
1276 1262 1
1262 1519 1
1519 1262 1
1262 1934 1
1934 1262 1
1262 2005 1
2005 1262 1
1262 2208 1
2208 1262 1
1263 1966 1
1966 1263 1
1265 1822 1
1822 1265 1
1265 2005 1
2005 1265 1
1265 2006 1
2006 1265 1
1265 2048 1
2048 1265 1
1265 2053 1
2053 1265 1
1267 1270 1
1270 1267 1
1268 1273 1
1273 1268 1
1268 1276 2
1276 1268 2
1268 1674 5
1674 1268 5
1268 2011 1
2011 1268 1
1269 2005 1
2005 1269 1
1270 1674 3
1674 1270 3
1272 1273 1
1273 1272 1
1272 1276 1
1276 1272 1
1272 2208 2
2208 1272 2
1274 1277 2
1277 1274 2
1274 1286 1
1286 1274 1
1274 2088 2
2088 1274 2
1276 1519 1
1519 1276 1
1276 1674 4
1674 1276 4
1278 1812 1
1812 1278 1
1278 1815 1
1815 1278 1
1278 1816 3
1816 1278 3
1278 1821 1
1821 1278 1
1278 2057 1
2057 1278 1
1278 2059 1
2059 1278 1
1278 2060 4
2060 1278 4
1278 2083 1
2083 1278 1
1278 2084 1
2084 1278 1
1278 2085 1
2085 1278 1
1279 1282 2
1282 1279 2
1280 1282 1
1282 1280 1
1281 1286 1
1286 1281 1
1281 1539 2
1539 1281 2
1282 1539 2
1539 1282 2
1282 2088 1
2088 1282 1
1283 1812 1
1812 1283 1
1284 2081 1
2081 1284 1
1288 1339 1
1339 1288 1
1288 1342 1
1342 1288 1
1288 1453 1
1453 1288 1
1288 1984 4
1984 1288 4
1289 1310 1
1310 1289 1
1290 1811 1
1811 1290 1
1291 1295 1
1295 1291 1
1291 1299 1
1299 1291 1
1294 1311 1
1311 1294 1
1294 1464 1
1464 1294 1
1296 1311 1
1311 1296 1
1296 1321 1
1321 1296 1
1297 1309 1
1309 1297 1
1297 1451 2
1451 1297 2
1298 1406 1
1406 1298 1
1298 1438 1
1438 1298 1
1299 1321 1
1321 1299 1
1300 1709 1
1709 1300 1
1301 1463 1
1463 1301 1
1302 1321 1
1321 1302 1
1302 1397 1
1397 1302 1
1303 1447 1
1447 1303 1
1303 1463 1
1463 1303 1
1303 2002 1
2002 1303 1
1303 2090 1
2090 1303 1
1305 1451 2
1451 1305 2
1305 1949 1
1949 1305 1
1306 2002 1
2002 1306 1
1306 2090 1
2090 1306 1
1307 1308 2
1308 1307 2
1307 1313 6
1313 1307 6
1307 1323 1
1323 1307 1
1307 1354 2
1354 1307 2
1307 1365 1
1365 1307 1
1307 1368 1
1368 1307 1
1307 1421 1
1421 1307 1
1307 1423 1
1423 1307 1
1307 1431 2
1431 1307 2
1307 1480 1
1480 1307 1
1307 1683 2
1683 1307 2
1308 1323 1
1323 1308 1
1308 1326 1
1326 1308 1
1308 1362 1
1362 1308 1
1308 1380 1
1380 1308 1
1308 1480 1
1480 1308 1
1308 1481 3
1481 1308 3
1311 1317 1
1317 1311 1
1311 1319 1
1319 1311 1
1311 1371 2
1371 1311 2
1311 1401 1
1401 1311 1
1311 1402 1
1402 1311 1
1311 1403 1
1403 1311 1
1311 1404 1
1404 1311 1
1311 1481 1
1481 1311 1
1311 1521 2
1521 1311 2
1312 1314 1
1314 1312 1
1312 1315 1
1315 1312 1
1312 1920 2
1920 1312 2
1313 1398 1
1398 1313 1
1313 1411 1
1411 1313 1
1313 1415 4
1415 1313 4
1313 1424 1
1424 1313 1
1313 1426 1
1426 1313 1
1313 1432 2
1432 1313 2
1313 1466 1
1466 1313 1
1314 1920 1
1920 1314 1
1315 1406 1
1406 1315 1
1316 1406 1
1406 1316 1
1316 1441 1
1441 1316 1
1318 1324 1
1324 1318 1
1318 1438 2
1438 1318 2
1318 1445 1
1445 1318 1
1318 1481 1
1481 1318 1
1320 1359 1
1359 1320 1
1320 1386 1
1386 1320 1
1320 1399 5
1399 1320 5
1320 2193 4
2193 1320 4
1321 1371 2
1371 1321 2
1322 1438 1
1438 1322 1
1323 1326 1
1326 1323 1
1323 1380 1
1380 1323 1
1323 1521 4
1521 1323 4
1324 1357 1
1357 1324 1
1324 1358 1
1358 1324 1
1324 1438 1
1438 1324 1
1324 1481 1
1481 1324 1
1327 1412 1
1412 1327 1
1327 1438 1
1438 1327 1
1328 1330 1
1330 1328 1
1328 1441 3
1441 1328 3
1329 1331 1
1331 1329 1
1329 1333 1
1333 1329 1
1329 1340 1
1340 1329 1
1329 1361 2
1361 1329 2
1329 2321 1
2321 1329 1
1330 1452 1
1452 1330 1
1331 1441 1
1441 1331 1
1332 2073 1
2073 1332 1
1332 2099 2
2099 1332 2
1332 2100 1
2100 1332 1
1332 2104 1
2104 1332 1
1332 2106 2
2106 1332 2
1333 1452 1
1452 1333 1
1334 1343 1
1343 1334 1
1334 1984 2
1984 1334 2
1334 2091 1
2091 1334 1
1335 1984 1
1984 1335 1
1337 1351 1
1351 1337 1
1338 1361 4
1361 1338 4
1338 2091 4
2091 1338 4
1340 1452 1
1452 1340 1
1341 1984 1
1984 1341 1
1341 2091 1
2091 1341 1
1343 2091 1
2091 1343 1
1344 1352 1
1352 1344 1
1344 1371 3
1371 1344 3
1344 1420 1
1420 1344 1
1344 1432 3
1432 1344 3
1345 1984 1
1984 1345 1
1345 2091 1
2091 1345 1
1346 1984 1
1984 1346 1
1348 1984 1
1984 1348 1
1349 1441 2
1441 1349 2
1350 1430 2
1430 1350 2
1350 1443 3
1443 1350 3
1350 1454 4
1454 1350 4
1351 1369 6
1369 1351 6
1351 1390 2
1390 1351 2
1351 1392 4
1392 1351 4
1351 1393 3
1393 1351 3
1351 1395 1
1395 1351 1
1351 1478 1
1478 1351 1
1351 2138 1
2138 1351 1
1352 1371 1
1371 1352 1
1353 1355 1
1355 1353 1
1353 1356 3
1356 1353 3
1353 1377 1
1377 1353 1
1353 1441 7
1441 1353 7
1353 1469 4
1469 1353 4
1354 1365 3
1365 1354 3
1354 1366 1
1366 1354 1
1354 1367 1
1367 1354 1
1354 1368 1
1368 1354 1
1355 1399 1
1399 1355 1
1356 2321 2
2321 1356 2
1357 2193 1
2193 1357 1
1358 1364 2
1364 1358 2
1358 1365 1
1365 1358 1
1358 1366 1
1366 1358 1
1358 1481 4
1481 1358 4
1358 1832 1
1832 1358 1
1359 1360 1
1360 1359 1
1360 1364 2
1364 1360 2
1360 1365 3
1365 1360 3
1360 1386 4
1386 1360 4
1360 1832 1
1832 1360 1
1361 1372 1
1372 1361 1
1361 1373 1
1373 1361 1
1361 1374 1
1374 1361 1
1361 1375 2
1375 1361 2
1361 1971 1
1971 1361 1
1361 2321 1
2321 1361 1
1362 1481 1
1481 1362 1
1365 1366 1
1366 1365 1
1365 1369 5
1369 1365 5
1366 1481 1
1481 1366 1
1367 1481 1
1481 1367 1
1370 1399 2
1399 1370 2
1370 1469 2
1469 1370 2
1371 1404 1
1404 1371 1
1371 1432 1
1432 1371 1
1371 1446 1
1446 1371 1
1372 1469 1
1469 1372 1
1373 1378 1
1378 1373 1
1374 1469 1
1469 1374 1
1375 1378 2
1378 1375 2
1376 1399 1
1399 1376 1
1376 1469 1
1469 1376 1
1377 1399 1
1399 1377 1
1378 1399 3
1399 1378 3
1382 1444 1
1444 1382 1
1382 1465 1
1465 1382 1
1383 1452 1
1452 1383 1
1383 1984 1
1984 1383 1
1385 1442 1
1442 1385 1
1386 1388 1
1388 1386 1
1386 1389 1
1389 1386 1
1387 2115 1
2115 1387 1
1387 2117 3
2117 1387 3
1387 2121 1
2121 1387 1
1391 1392 3
1392 1391 3
1392 1394 1
1394 1392 1
1392 1396 1
1396 1392 1
1393 1421 1
1421 1393 1
1393 1429 1
1429 1393 1
1393 1435 1
1435 1393 1
1397 1407 1
1407 1397 1
1397 1408 1
1408 1397 1
1397 1467 1
1467 1397 1
1397 1947 1
1947 1397 1
1398 1426 1
1426 1398 1
1399 1469 1
1469 1399 1
1401 1521 1
1521 1401 1
1402 1521 1
1521 1402 1
1403 1521 1
1521 1403 1
1405 1431 1
1431 1405 1
1405 1521 1
1521 1405 1
1406 1413 3
1413 1406 3
1406 1452 1
1452 1406 1
1406 1462 1
1462 1406 1
1407 1408 1
1408 1407 1
1407 1931 1
1931 1407 1
1408 1409 1
1409 1408 1
1408 1446 1
1446 1408 1
1409 1419 1
1419 1409 1
1409 1931 1
1931 1409 1
1410 1931 1
1931 1410 1
1410 2179 1
2179 1410 1
1411 1432 1
1432 1411 1
1412 1438 1
1438 1412 1
1413 1441 2
1441 1413 2
1413 1472 1
1472 1413 1
1414 1418 1
1418 1414 1
1414 1426 2
1426 1414 2
1414 1465 1
1465 1414 1
1415 1418 3
1418 1415 3
1415 1426 1
1426 1415 1
1416 1417 1
1417 1416 1
1416 1420 1
1420 1416 1
1418 1425 1
1425 1418 1
1418 1427 1
1427 1418 1
1421 1429 1
1429 1421 1
1421 1683 3
1683 1421 3
1422 1471 1
1471 1422 1
1424 1683 1
1683 1424 1
1425 1683 1
1683 1425 1
1428 1430 1
1430 1428 1
1428 1683 1
1683 1428 1
1429 1430 1
1430 1429 1
1432 1466 1
1466 1432 1
1433 1448 1
1448 1433 1
1434 1931 1
1931 1434 1
1435 1443 1
1443 1435 1
1438 1445 1
1445 1438 1
1438 1461 1
1461 1438 1
1438 1472 1
1472 1438 1
1438 2193 1
2193 1438 1
1440 1488 6
1488 1440 6
1440 1490 3
1490 1440 3
1440 1504 1
1504 1440 1
1440 1505 1
1505 1440 1
1440 1644 1
1644 1440 1
1440 2158 2
2158 1440 2
1440 2160 1
2160 1440 1
1440 2385 1
2385 1440 1
1440 2390 1
2390 1440 1
1440 2395 1
2395 1440 1
1440 2396 1
2396 1440 1
1440 2407 5
2407 1440 5
1441 1461 1
1461 1441 1
1441 1470 1
1470 1441 1
1441 1476 2
1476 1441 2
1441 2173 2
2173 1441 2
1448 1931 6
1931 1448 6
1449 1861 1
1861 1449 1
1449 1950 3
1950 1449 3
1449 1955 1
1955 1449 1
1449 2127 1
2127 1449 1
1449 2143 2
2143 1449 2
1450 1782 1
1782 1450 1
1452 1462 1
1462 1452 1
1452 1984 3
1984 1452 3
1454 1458 2
1458 1454 2
1454 1683 4
1683 1454 4
1456 1735 1
1735 1456 1
1456 1778 1
1778 1456 1
1457 1482 2
1482 1457 2
1458 1933 1
1933 1458 1
1459 1557 1
1557 1459 1
1460 1945 1
1945 1460 1
1460 1961 2
1961 1460 2
1460 1967 1
1967 1460 1
1463 1467 1
1467 1463 1
1469 1971 1
1971 1469 1
1470 2193 1
2193 1470 1
1471 1931 1
1931 1471 1
1473 1992 1
1992 1473 1
1475 1711 1
1711 1475 1
1475 1713 1
1713 1475 1
1477 1710 4
1710 1477 4
1477 2191 3
2191 1477 3
1477 2311 1
2311 1477 1
1482 1483 1
1483 1482 1
1482 1485 1
1485 1482 1
1482 1527 1
1527 1482 1
1482 1982 4
1982 1482 4
1482 1989 1
1989 1482 1
1482 1990 1
1990 1482 1
1482 1991 1
1991 1482 1
1484 1714 1
1714 1484 1
1488 1489 5
1489 1488 5
1488 1492 1
1492 1488 1
1488 1493 1
1493 1488 1
1488 1497 1
1497 1488 1
1488 1498 1
1498 1488 1
1488 1504 1
1504 1488 1
1488 1506 1
1506 1488 1
1488 1508 1
1508 1488 1
1488 1509 1
1509 1488 1
1488 1510 1
1510 1488 1
1488 1516 9
1516 1488 9
1488 2177 1
2177 1488 1
1488 2395 1
2395 1488 1
1488 2396 1
2396 1488 1
1489 1490 4
1490 1489 4
1489 1491 1
1491 1489 1
1489 1505 1
1505 1489 1
1489 1506 1
1506 1489 1
1489 1898 1
1898 1489 1
1490 1491 1
1491 1490 1
1490 1503 1
1503 1490 1
1490 1507 1
1507 1490 1
1490 2384 1
2384 1490 1
1490 2386 1
2386 1490 1
1490 2387 1
2387 1490 1
1490 2389 1
2389 1490 1
1490 2390 1
2390 1490 1
1490 2391 1
2391 1490 1
1490 2392 4
2392 1490 4
1490 2393 2
2393 1490 2
1490 2407 4
2407 1490 4
1490 2410 2
2410 1490 2
1494 1495 1
1495 1494 1
1494 1496 1
1496 1494 1
1494 1497 1
1497 1494 1
1494 1498 1
1498 1494 1
1494 1500 1
1500 1494 1
1494 1697 1
1697 1494 1
1494 1814 1
1814 1494 1
1495 1500 1
1500 1495 1
1496 1516 1
1516 1496 1
1502 1511 2
1511 1502 2
1502 1512 1
1512 1502 1
1502 1516 3
1516 1502 3
1502 1712 2
1712 1502 2
1502 1716 1
1716 1502 1
1502 1731 1
1731 1502 1
1502 1736 3
1736 1502 3
1503 2410 2
2410 1503 2
1508 1509 1
1509 1508 1
1508 1510 1
1510 1508 1
1508 1720 1
1720 1508 1
1508 1724 2
1724 1508 2
1508 2176 1
2176 1508 1
1511 1516 4
1516 1511 4
1511 1728 3
1728 1511 3
1511 1732 2
1732 1511 2
1512 1516 1
1516 1512 1
1513 1942 2
1942 1513 2
1513 1965 1
1965 1513 1
1513 2128 2
2128 1513 2
1514 1725 2
1725 1514 2
1515 1983 1
1983 1515 1
1516 1697 1
1697 1516 1
1516 1893 1
1893 1516 1
1517 2379 3
2379 1517 3
1518 1525 1
1525 1518 1
1518 1529 1
1529 1518 1
1518 1530 1
1530 1518 1
1518 1534 1
1534 1518 1
1520 1932 1
1932 1520 1
1520 1952 1
1952 1520 1
1522 1524 2
1524 1522 2
1522 1723 3
1723 1522 3
1523 1866 1
1866 1523 1
1523 2211 1
2211 1523 1
1523 2216 1
2216 1523 1
1524 1715 1
1715 1524 1
1524 1717 1
1717 1524 1
1524 1905 1
1905 1524 1
1526 1981 1
1981 1526 1
1527 1992 1
1992 1527 1
1528 1968 1
1968 1528 1
1532 1544 1
1544 1532 1
1532 2268 1
2268 1532 1
1534 1830 1
1830 1534 1
1536 1577 1
1577 1536 1
1536 1639 1
1639 1536 1
1536 1839 1
1839 1536 1
1537 1592 2
1592 1537 2
1537 1633 1
1633 1537 1
1537 2012 1
2012 1537 1
1540 1560 2
1560 1540 2
1541 1662 1
1662 1541 1
1541 1693 1
1693 1541 1
1542 1560 1
1560 1542 1
1542 1581 4
1581 1542 4
1542 1605 1
1605 1542 1
1542 1612 1
1612 1542 1
1542 1619 1
1619 1542 1
1542 1650 1
1650 1542 1
1542 1679 2
1679 1542 2
1542 2261 2
2261 1542 2
1543 1572 1
1572 1543 1
1543 1682 1
1682 1543 1
1544 1597 5
1597 1544 5
1544 1603 1
1603 1544 1
1544 1606 1
1606 1544 1
1544 1610 2
1610 1544 2
1544 1659 1
1659 1544 1
1544 1673 1
1673 1544 1
1544 1690 1
1690 1544 1
1544 2268 3
2268 1544 3
1545 1560 1
1560 1545 1
1545 1572 1
1572 1545 1
1545 1600 1
1600 1545 1
1545 1635 1
1635 1545 1
1545 1664 1
1664 1545 1
1546 1549 1
1549 1546 1
1546 1572 1
1572 1546 1
1546 1599 2
1599 1546 2
1546 1600 2
1600 1546 2
1546 1655 1
1655 1546 1
1546 1661 1
1661 1546 1
1546 1663 1
1663 1546 1
1546 1682 2
1682 1546 2
1546 1700 1
1700 1546 1
1547 1653 1
1653 1547 1
1547 1662 1
1662 1547 1
1548 1556 1
1556 1548 1
1548 1565 1
1565 1548 1
1548 1600 5
1600 1548 5
1548 1615 1
1615 1548 1
1548 1627 1
1627 1548 1
1548 1631 7
1631 1548 7
1549 1600 1
1600 1549 1
1550 1554 1
1554 1550 1
1550 1555 1
1555 1550 1
1550 1631 1
1631 1550 1
1550 1689 1
1689 1550 1
1551 1638 1
1638 1551 1
1551 2277 1
2277 1551 1
1552 1620 1
1620 1552 1
1552 1633 1
1633 1552 1
1552 1649 1
1649 1552 1
1552 1652 1
1652 1552 1
1552 1661 1
1661 1552 1
1552 2262 1
2262 1552 1
1553 1555 1
1555 1553 1
1553 2277 1
2277 1553 1
1554 2277 1
2277 1554 1
1556 1615 1
1615 1556 1
1556 1617 1
1617 1556 1
1556 1631 2
1631 1556 2
1556 1686 1
1686 1556 1
1556 2261 1
2261 1556 1
1558 1659 1
1659 1558 1
1559 1689 1
1689 1559 1
1560 1565 2
1565 1560 2
1560 1570 2
1570 1560 2
1560 1581 5
1581 1560 5
1560 1612 1
1612 1560 1
1560 1617 1
1617 1560 1
1560 1621 2
1621 1560 2
1560 1622 2
1622 1560 2
1560 1624 1
1624 1560 1
1560 1626 1
1626 1560 1
1560 1627 1
1627 1560 1
1560 1629 1
1629 1560 1
1560 1630 1
1630 1560 1
1560 1635 1
1635 1560 1
1560 1653 3
1653 1560 3
1560 1679 2
1679 1560 2
1560 1693 1
1693 1560 1
1561 1584 1
1584 1561 1
1561 1605 1
1605 1561 1
1561 1618 1
1618 1561 1
1561 1619 1
1619 1561 1
1561 1625 1
1625 1561 1
1561 1642 1
1642 1561 1
1561 1643 1
1643 1561 1
1561 1645 1
1645 1561 1
1561 1685 1
1685 1561 1
1562 1634 1
1634 1562 1
1562 1696 1
1696 1562 1
1564 1591 1
1591 1564 1
1565 1616 1
1616 1565 1
1565 1686 1
1686 1565 1
1566 1608 1
1608 1566 1
1566 1610 1
1610 1566 1
1566 1611 1
1611 1566 1
1566 1654 1
1654 1566 1
1566 1657 1
1657 1566 1
1566 1658 1
1658 1566 1
1566 1659 1
1659 1566 1
1566 1673 1
1673 1566 1
1566 1687 1
1687 1566 1
1566 2190 1
2190 1566 1
1566 2196 2
2196 1566 2
1566 2198 3
2198 1566 3
1568 1594 1
1594 1568 1
1568 1597 2
1597 1568 2
1568 1604 1
1604 1568 1
1568 1636 2
1636 1568 2
1568 1685 2
1685 1568 2
1569 1573 1
1573 1569 1
1569 1580 1
1580 1569 1
1569 1585 1
1585 1569 1
1571 1614 1
1614 1571 1
1571 1623 1
1623 1571 1
1572 1600 1
1600 1572 1
1573 1579 1
1579 1573 1
1574 1742 2
1742 1574 2
1574 1775 1
1775 1574 1
1574 1972 1
1972 1574 1
1575 1603 1
1603 1575 1
1575 1654 1
1654 1575 1
1576 1696 1
1696 1576 1
1577 1579 1
1579 1577 1
1577 1583 1
1583 1577 1
1577 1587 1
1587 1577 1
1577 1614 1
1614 1577 1
1577 1670 1
1670 1577 1
1578 1596 1
1596 1578 1
1578 1614 1
1614 1578 1
1579 1596 1
1596 1579 1
1579 1607 1
1607 1579 1
1580 1585 1
1585 1580 1
1580 1607 1
1607 1580 1
1581 1618 1
1618 1581 1
1582 1640 1
1640 1582 1
1582 1693 1
1693 1582 1
1583 1586 1
1586 1583 1
1584 1640 1
1640 1584 1
1584 1685 2
1685 1584 2
1585 1699 1
1699 1585 1
1586 1681 1
1681 1586 1
1586 1927 1
1927 1586 1
1587 1614 1
1614 1587 1
1588 1597 1
1597 1588 1
1588 1668 1
1668 1588 1
1589 1640 1
1640 1589 1
1589 1695 1
1695 1589 1
1590 1640 1
1640 1590 1
1590 1695 1
1695 1590 1
1591 1623 2
1623 1591 2
1591 1650 1
1650 1591 1
1592 1603 2
1603 1592 2
1592 1633 1
1633 1592 1
1592 1654 1
1654 1592 1
1592 1665 3
1665 1592 3
1592 1695 2
1695 1592 2
1592 2012 1
2012 1592 1
1593 1614 1
1614 1593 1
1593 1623 1
1623 1593 1
1594 2268 1
2268 1594 1
1595 1638 1
1638 1595 1
1595 2277 1
2277 1595 1
1597 1604 1
1604 1597 1
1598 2268 1
2268 1598 1
1599 1655 2
1655 1599 2
1599 1660 1
1660 1599 1
1599 2189 1
2189 1599 1
1599 2306 1
2306 1599 1
1599 2307 1
2307 1599 1
1599 2357 2
2357 1599 2
1600 1632 2
1632 1600 2
1601 1695 1
1695 1601 1
1603 1610 1
1610 1603 1
1606 2268 1
2268 1606 1
1608 1611 1
1611 1608 1
1608 1649 3
1649 1608 3
1608 2012 1
2012 1608 1
1608 2260 1
2260 1608 1
1608 2269 1
2269 1608 1
1609 1631 5
1631 1609 5
1609 2189 4
2189 1609 4
1609 2194 3
2194 1609 3
1609 2304 1
2304 1609 1
1613 2261 1
2261 1613 1
1614 1623 1
1623 1614 1
1614 1637 1
1637 1614 1
1616 1617 1
1617 1616 1
1620 1663 2
1663 1620 2
1620 1667 1
1667 1620 1
1623 1634 3
1634 1623 3
1624 1693 1
1693 1624 1
1625 1693 1
1693 1625 1
1626 1693 1
1693 1626 1
1628 2167 1
2167 1628 1
1628 2291 1
2291 1628 1
1629 1693 1
1693 1629 1
1630 1693 1
1693 1630 1
1631 1660 1
1660 1631 1
1631 1689 2
1689 1631 2
1631 1813 2
1813 1631 2
1631 2307 1
2307 1631 1
1633 1651 1
1651 1633 1
1633 1652 1
1652 1633 1
1633 1656 1
1656 1633 1
1634 1641 1
1641 1634 1
1636 2268 2
2268 1636 2
1637 1839 1
1839 1637 1
1638 1696 1
1696 1638 1
1639 1685 1
1685 1639 1
1640 1648 1
1648 1640 1
1640 1693 2
1693 1640 2
1642 1693 1
1693 1642 1
1643 1693 1
1693 1643 1
1644 2385 1
2385 1644 1
1645 1693 1
1693 1645 1
1646 1662 1
1662 1646 1
1646 1693 1
1693 1646 1
1647 1662 1
1662 1647 1
1647 1693 1
1693 1647 1
1648 2199 1
2199 1648 1
1649 1656 1
1656 1649 1
1649 2213 2
2213 1649 2
1650 1685 1
1685 1650 1
1651 1665 1
1665 1651 1
1653 1680 1
1680 1653 1
1654 1657 1
1657 1654 1
1654 1658 1
1658 1654 1
1654 2012 3
2012 1654 3
1655 1661 2
1661 1655 2
1655 2357 1
2357 1655 1
1659 1671 2
1671 1659 2
1659 1687 1
1687 1659 1
1659 1690 1
1690 1659 1
1659 1701 1
1701 1659 1
1659 2268 3
2268 1659 3
1661 1667 1
1667 1661 1
1661 1700 1
1700 1661 1
1661 1710 1
1710 1661 1
1661 2313 1
2313 1661 1
1661 2316 2
2316 1661 2
1661 2357 2
2357 1661 2
1661 2377 1
2377 1661 1
1662 1664 1
1664 1662 1
1662 1665 5
1665 1662 5
1662 1680 1
1680 1662 1
1662 1682 1
1682 1662 1
1663 1665 1
1665 1663 1
1665 2199 1
2199 1665 1
1666 1927 1
1927 1666 1
1666 2268 1
2268 1666 1
1668 1695 2
1695 1668 2
1670 1681 1
1681 1670 1
1674 1706 1
1706 1674 1
1674 1713 1
1713 1674 1
1677 1701 1
1701 1677 1
1688 1695 1
1695 1688 1
1688 2199 1
2199 1688 1
1694 2009 1
2009 1694 1
1694 2019 1
2019 1694 1
1694 2040 1
2040 1694 1
1694 2276 1
2276 1694 1
1701 2196 1
2196 1701 1
1703 1709 1
1709 1703 1
1703 1720 1
1720 1703 1
1704 1708 1
1708 1704 1
1705 1742 1
1742 1705 1
1705 2153 1
2153 1705 1
1709 1899 1
1899 1709 1
1709 2154 2
2154 1709 2
1709 2157 1
2157 1709 1
1709 2168 1
2168 1709 1
1709 2169 2
2169 1709 2
1710 2232 1
2232 1710 1
1710 2267 3
2267 1710 3
1710 2272 1
2272 1710 1
1710 2312 5
2312 1710 5
1710 2316 1
2316 1710 1
1712 1727 1
1727 1712 1
1712 1728 1
1728 1712 1
1712 1737 1
1737 1712 1
1712 2175 1
2175 1712 1
1714 1719 2
1719 1714 2
1715 1717 1
1717 1715 1
1715 1718 1
1718 1715 1
1715 1722 2
1722 1715 2
1716 1736 1
1736 1716 1
1719 1731 1
1731 1719 1
1720 1724 1
1724 1720 1
1720 2158 7
2158 1720 7
1720 2159 2
2159 1720 2
1720 2162 1
2162 1720 1
1720 2163 1
2163 1720 1
1720 2169 2
2169 1720 2
1720 2174 1
2174 1720 1
1720 2176 1
2176 1720 1
1722 1723 2
1723 1722 2
1727 1728 3
1728 1727 3
1727 1737 1
1737 1727 1
1727 2175 1
2175 1727 1
1729 1869 1
1869 1729 1
1734 1981 1
1981 1734 1
1735 1753 2
1753 1735 2
1735 1770 7
1770 1735 7
1735 1779 2
1779 1735 2
1735 2195 2
2195 1735 2
1735 2206 1
2206 1735 1
1735 2361 2
2361 1735 2
1740 1742 5
1742 1740 5
1740 1760 1
1760 1740 1
1740 1762 1
1762 1740 1
1740 1763 1
1763 1740 1
1740 1774 1
1774 1740 1
1741 1746 1
1746 1741 1
1741 1777 1
1777 1741 1
1742 1759 1
1759 1742 1
1742 1762 1
1762 1742 1
1742 1764 3
1764 1742 3
1742 1766 1
1766 1742 1
1742 1768 1
1768 1742 1
1742 1776 7
1776 1742 7
1742 1781 1
1781 1742 1
1742 1782 1
1782 1742 1
1742 1972 2
1972 1742 2
1742 2153 2
2153 1742 2
1742 2155 1
2155 1742 1
1742 2178 1
2178 1742 1
1742 2180 1
2180 1742 1
1743 1744 1
1744 1743 1
1743 1747 1
1747 1743 1
1743 1748 1
1748 1743 1
1743 1750 1
1750 1743 1
1743 1751 1
1751 1743 1
1743 1752 1
1752 1743 1
1743 1755 1
1755 1743 1
1743 1757 1
1757 1743 1
1743 1773 1
1773 1743 1
1743 1784 1
1784 1743 1
1744 1745 1
1745 1744 1
1744 1749 4
1749 1744 4
1744 1752 1
1752 1744 1
1744 1757 1
1757 1744 1
1744 1758 2
1758 1744 2
1745 1754 2
1754 1745 2
1745 1756 1
1756 1745 1
1745 1758 1
1758 1745 1
1745 1763 1
1763 1745 1
1745 1773 1
1773 1745 1
1745 1774 1
1774 1745 1
1745 1775 7
1775 1745 7
1746 1782 1
1782 1746 1
1747 1785 1
1785 1747 1
1748 1785 1
1785 1748 1
1749 1765 1
1765 1749 1
1749 2119 2
2119 1749 2
1749 2122 1
2122 1749 1
1749 2124 1
2124 1749 1
1750 1785 1
1785 1750 1
1751 1785 1
1785 1751 1
1753 1769 5
1769 1753 5
1753 1777 1
1777 1753 1
1753 1785 1
1785 1753 1
1754 1759 1
1759 1754 1
1754 1760 1
1760 1754 1
1754 2182 1
2182 1754 1
1755 1758 1
1758 1755 1
1756 1765 2
1765 1756 2
1758 1773 1
1773 1758 1
1761 1784 1
1784 1761 1
1761 2182 1
2182 1761 1
1762 1775 2
1775 1762 2
1764 1775 3
1775 1764 3
1765 1775 8
1775 1765 8
1765 1972 7
1972 1765 7
1765 1975 2
1975 1765 2
1765 1976 1
1976 1765 1
1765 1977 1
1977 1765 1
1765 1978 1
1978 1765 1
1765 1979 1
1979 1765 1
1765 2119 4
2119 1765 4
1765 2123 2
2123 1765 2
1765 2129 10
2129 1765 10
1766 1782 1
1782 1766 1
1766 1783 1
1783 1766 1
1767 1778 1
1778 1767 1
1767 1862 2
1862 1767 2
1767 1891 1
1891 1767 1
1767 2206 1
2206 1767 1
1768 1775 1
1775 1768 1
1769 1771 1
1771 1769 1
1769 1777 1
1777 1769 1
1770 1855 1
1855 1770 1
1770 1872 6
1872 1770 6
1771 1785 1
1785 1771 1
1772 1784 1
1784 1772 1
1772 2182 1
2182 1772 1
1773 1784 1
1784 1773 1
1776 1972 2
1972 1776 2
1776 1973 3
1973 1776 3
1776 2153 2
2153 1776 2
1776 2181 1
2181 1776 1
1776 2397 1
2397 1776 1
1776 2398 1
2398 1776 1
1777 1779 2
1779 1777 2
1777 1780 1
1780 1777 1
1777 2182 3
2182 1777 3
1778 1785 14
1785 1778 14
1778 2361 3
2361 1778 3
1779 1868 1
1868 1779 1
1779 1880 1
1880 1779 1
1779 1881 1
1881 1779 1
1779 2156 1
2156 1779 1
1781 2182 1
2182 1781 1
1783 2182 1
2182 1783 1
1784 1785 1
1785 1784 1
1784 1786 1
1786 1784 1
1784 1926 1
1926 1784 1
1785 1786 1
1786 1785 1
1785 2195 1
2195 1785 1
1787 1788 1
1788 1787 1
1790 1800 1
1800 1790 1
1791 2399 1
2399 1791 1
1793 1795 1
1795 1793 1
1793 1808 1
1808 1793 1
1794 1809 1
1809 1794 1
1796 1798 1
1798 1796 1
1796 1847 2
1847 1796 2
1796 1854 1
1854 1796 1
1796 1856 1
1856 1796 1
1796 1857 1
1857 1796 1
1796 2113 4
2113 1796 4
1796 2115 1
2115 1796 1
1796 2120 1
2120 1796 1
1797 1799 1
1799 1797 1
1798 1803 1
1803 1798 1
1799 1809 1
1809 1799 1
1803 1809 1
1809 1803 1
1809 1856 1
1856 1809 1
1810 2172 3
2172 1810 3
1811 2075 1
2075 1811 1
1811 2079 1
2079 1811 1
1812 2044 1
2044 1812 1
1812 2060 2
2060 1812 2
1815 2072 1
2072 1815 1
1816 1821 1
1821 1816 1
1816 1834 1
1834 1816 1
1817 1826 1
1826 1817 1
1817 1828 1
1828 1817 1
1817 2082 1
2082 1817 1
1817 2093 1
2093 1817 1
1818 1825 1
1825 1818 1
1818 2050 1
2050 1818 1
1818 2072 2
2072 1818 2
1819 1823 1
1823 1819 1
1819 1826 1
1826 1819 1
1819 1828 1
1828 1819 1
1822 2005 1
2005 1822 1
1823 2072 1
2072 1823 1
1825 1834 1
1834 1825 1
1825 2061 1
2061 1825 1
1825 2065 1
2065 1825 1
1825 2070 1
2070 1825 1
1827 1837 1
1837 1827 1
1827 2117 5
2117 1827 5
1830 1837 1
1837 1830 1
1836 2102 1
2102 1836 1
1836 2220 1
2220 1836 1
1838 1840 1
1840 1838 1
1838 1843 1
1843 1838 1
1838 1848 1
1848 1838 1
1838 1849 1
1849 1838 1
1838 1857 1
1857 1838 1
1838 1859 1
1859 1838 1
1838 1925 1
1925 1838 1
1838 1929 1
1929 1838 1
1838 2112 1
2112 1838 1
1846 1924 1
1924 1846 1
1852 1857 1
1857 1852 1
1853 1865 1
1865 1853 1
1853 1868 6
1868 1853 6
1853 1878 1
1878 1853 1
1853 1879 1
1879 1853 1
1853 1884 2
1884 1853 2
1855 1862 1
1862 1855 1
1855 2206 1
2206 1855 1
1858 2112 1
2112 1858 1
1858 2118 1
2118 1858 1
1861 2127 1
2127 1861 1
1861 2134 1
2134 1861 1
1862 1863 3
1863 1862 3
1862 1876 2
1876 1862 2
1863 1865 2
1865 1863 2
1863 1866 1
1866 1863 1
1863 1870 1
1870 1863 1
1863 1871 1
1871 1863 1
1863 1873 1
1873 1863 1
1863 1883 1
1883 1863 1
1863 1891 3
1891 1863 3
1863 1892 1
1892 1863 1
1863 1894 1
1894 1863 1
1863 1895 2
1895 1863 2
1863 1900 1
1900 1863 1
1863 2322 1
2322 1863 1
1864 1865 1
1865 1864 1
1864 1871 1
1871 1864 1
1864 1879 1
1879 1864 1
1864 1883 3
1883 1864 3
1864 1884 3
1884 1864 3
1864 1888 1
1888 1864 1
1865 1872 3
1872 1865 3
1865 1874 1
1874 1865 1
1865 1875 1
1875 1865 1
1865 1876 2
1876 1865 2
1865 1900 2
1900 1865 2
1866 1867 2
1867 1866 2
1866 1887 1
1887 1866 1
1866 1889 1
1889 1866 1
1866 1891 2
1891 1866 2
1866 1892 1
1892 1866 1
1866 1894 1
1894 1866 1
1866 1895 2
1895 1866 2
1866 2187 1
2187 1866 1
1866 2211 1
2211 1866 1
1866 2282 5
2282 1866 5
1866 2358 2
2358 1866 2
1867 1887 1
1887 1867 1
1867 1889 2
1889 1867 2
1867 1890 2
1890 1867 2
1868 1872 1
1872 1868 1
1868 1880 1
1880 1868 1
1868 1881 1
1881 1868 1
1868 1886 1
1886 1868 1
1868 1899 1
1899 1868 1
1870 1900 1
1900 1870 1
1872 1874 1
1874 1872 1
1872 1875 1
1875 1872 1
1873 1895 1
1895 1873 1
1878 1884 1
1884 1878 1
1882 1883 1
1883 1882 1
1882 1889 2
1889 1882 2
1885 2191 1
2191 1885 1
1885 2285 1
2285 1885 1
1886 2156 1
2156 1886 1
1886 2157 1
2157 1886 1
1887 1890 2
1890 1887 2
1887 1897 1
1897 1887 1
1887 1902 1
1902 1887 1
1889 1895 1
1895 1889 1
1891 1892 1
1892 1891 1
1891 2187 1
2187 1891 1
1891 2204 1
2204 1891 1
1891 2282 4
2282 1891 4
1891 2292 1
2292 1891 1
1891 2301 1
2301 1891 1
1891 2322 1
2322 1891 1
1896 2149 1
2149 1896 1
1901 1903 2
1903 1901 2
1901 1906 1
1906 1901 1
1901 1914 1
1914 1901 1
1901 1915 1
1915 1901 1
1901 1923 1
1923 1901 1
1901 2011 5
2011 1901 5
1901 2049 2
2049 1901 2
1901 2051 1
2051 1901 1
1909 1922 1
1922 1909 1
1911 1923 1
1923 1911 1
1914 1915 1
1915 1914 1
1914 1922 2
1922 1914 2
1917 1930 1
1930 1917 1
1924 2114 1
2114 1924 1
1924 2118 1
2118 1924 1
1926 2182 1
2182 1926 1
1928 1932 1
1932 1928 1
1928 1964 1
1964 1928 1
1930 2111 1
2111 1930 1
1932 2131 1
2131 1932 1
1935 1938 1
1938 1935 1
1935 1940 1
1940 1935 1
1935 1941 1
1941 1935 1
1935 1944 1
1944 1935 1
1935 1945 1
1945 1935 1
1935 1961 2
1961 1935 2
1935 1965 1
1965 1935 1
1936 1964 1
1964 1936 1
1937 1964 1
1964 1937 1
1937 2128 1
2128 1937 1
1939 1944 1
1944 1939 1
1939 1951 1
1951 1939 1
1939 2130 2
2130 1939 2
1941 1954 1
1954 1941 1
1941 1958 1
1958 1941 1
1941 2263 1
2263 1941 1
1943 1964 1
1964 1943 1
1946 1953 1
1953 1946 1
1947 2179 1
2179 1947 1
1950 1954 1
1954 1950 1
1950 1960 1
1960 1950 1
1950 2140 1
2140 1950 1
1951 1958 1
1958 1951 1
1952 2128 1
2128 1952 1
1953 1957 1
1957 1953 1
1953 1960 1
1960 1953 1
1953 2140 1
2140 1953 1
1955 1961 1
1961 1955 1
1956 2088 1
2088 1956 1
1957 2150 1
2150 1957 1
1962 2110 1
2110 1962 1
1970 2205 1
2205 1970 1
1970 2231 1
2231 1970 1
1972 1973 1
1973 1972 1
1972 1974 1
1974 1972 1
1973 1974 1
1974 1973 1
1973 1976 1
1976 1973 1
1973 1977 1
1977 1973 1
1973 1978 1
1978 1973 1
1973 1979 1
1979 1973 1
1973 2153 10
2153 1973 10
1975 1979 2
1979 1975 2
1979 2394 1
2394 1979 1
1979 2400 1
2400 1979 1
1979 2401 1
2401 1979 1
1980 2399 1
2399 1980 1
1982 1986 1
1986 1982 1
1982 1999 1
1999 1982 1
1985 2175 1
2175 1985 1
1988 1996 1
1996 1988 1
1996 2408 1
2408 1996 1
1997 2018 1
2018 1997 1
1997 2023 1
2023 1997 1
1997 2028 1
2028 1997 1
1997 2030 1
2030 1997 1
1997 2032 1
2032 1997 1
1997 2038 1
2038 1997 1
1997 2039 1
2039 1997 1
1998 2408 1
2408 1998 1
2000 2408 1
2408 2000 1
2003 2007 1
2007 2003 1
2003 2035 2
2035 2003 2
2003 2036 1
2036 2003 1
2003 2052 3
2052 2003 3
2003 2055 1
2055 2003 1
2003 2056 1
2056 2003 1
2004 2006 1
2006 2004 1
2004 2015 1
2015 2004 1
2004 2016 1
2016 2004 1
2004 2024 1
2024 2004 1
2004 2025 1
2025 2004 1
2004 2027 2
2027 2004 2
2004 2029 1
2029 2004 1
2004 2048 1
2048 2004 1
2004 2058 3
2058 2004 3
2007 2020 2
2020 2007 2
2007 2036 1
2036 2007 1
2007 2037 1
2037 2007 1
2008 2014 2
2014 2008 2
2008 2031 1
2031 2008 1
2008 2032 1
2032 2008 1
2008 2033 1
2033 2008 1
2008 2039 1
2039 2008 1
2008 2041 2
2041 2008 2
2008 2047 1
2047 2008 1
2008 2403 1
2403 2008 1
2009 2017 2
2017 2009 2
2009 2033 1
2033 2009 1
2010 2011 1
2011 2010 1
2010 2014 1
2014 2010 1
2011 2014 2
2014 2011 2
2011 2049 2
2049 2011 2
2011 2403 1
2403 2011 1
2014 2053 1
2053 2014 1
2016 2022 1
2022 2016 1
2017 2087 1
2087 2017 1
2018 2020 1
2020 2018 1
2019 2038 1
2038 2019 1
2020 2021 1
2021 2020 1
2020 2023 1
2023 2020 1
2020 2024 1
2024 2020 1
2020 2025 1
2025 2020 1
2020 2028 1
2028 2020 1
2020 2029 1
2029 2020 1
2020 2030 1
2030 2020 1
2020 2054 1
2054 2020 1
2020 2055 1
2055 2020 1
2020 2058 2
2058 2020 2
2021 2022 1
2022 2021 1
2022 2026 1
2026 2022 1
2022 2054 1
2054 2022 1
2022 2056 1
2056 2022 1
2026 2052 1
2052 2026 1
2031 2058 1
2058 2031 1
2034 2042 1
2042 2034 1
2034 2052 1
2052 2034 1
2050 2070 1
2070 2050 1
2050 2082 1
2082 2050 1
2057 2072 2
2072 2057 2
2059 2072 1
2072 2059 1
2060 2068 2
2068 2060 2
2060 2083 1
2083 2060 1
2060 2084 1
2084 2060 1
2060 2098 1
2098 2060 1
2061 2082 1
2082 2061 1
2062 2137 1
2137 2062 1
2062 2143 1
2143 2062 1
2066 2082 2
2082 2066 2
2067 2082 2
2082 2067 2
2068 2095 2
2095 2068 2
2070 2082 1
2082 2070 1
2071 2073 1
2073 2071 1
2073 2074 1
2074 2073 1
2073 2076 1
2076 2073 1
2073 2077 1
2077 2073 1
2082 2093 1
2093 2082 1
2082 2405 1
2405 2082 1
2086 2094 1
2094 2086 1
2086 2095 1
2095 2086 1
2094 2095 1
2095 2094 1
2096 2097 1
2097 2096 1
2102 2305 1
2305 2102 1
2103 2153 1
2153 2103 1
2105 2167 2
2167 2105 2
2105 2207 1
2207 2105 1
2105 2233 1
2233 2105 1
2105 2275 1
2275 2105 1
2105 2279 1
2279 2105 1
2105 2281 2
2281 2105 2
2105 2287 1
2287 2105 1
2105 2294 1
2294 2105 1
2105 2300 1
2300 2105 1
2105 2343 1
2343 2105 1
2105 2351 1
2351 2105 1
2105 2363 1
2363 2105 1
2106 2107 1
2107 2106 1
2109 2114 2
2114 2109 2
2114 2118 2
2118 2114 2
2116 2118 1
2118 2116 1
2119 2122 1
2122 2119 1
2119 2124 1
2124 2119 1
2120 2121 1
2121 2120 1
2125 2133 1
2133 2125 1
2125 2411 1
2411 2125 1
2127 2135 1
2135 2127 1
2139 2143 1
2143 2139 1
2141 2150 1
2150 2141 1
2151 2152 1
2152 2151 1
2151 2158 5
2158 2151 5
2151 2165 1
2165 2151 1
2151 2378 1
2378 2151 1
2152 2160 1
2160 2152 1
2152 2381 1
2381 2152 1
2153 2155 1
2155 2153 1
2153 2171 3
2171 2153 3
2153 2178 1
2178 2153 1
2153 2180 1
2180 2153 1
2153 2181 1
2181 2153 1
2153 2349 2
2349 2153 2
2153 2383 3
2383 2153 3
2153 2394 1
2394 2153 1
2153 2397 1
2397 2153 1
2153 2398 1
2398 2153 1
2153 2402 1
2402 2153 1
2154 2159 2
2159 2154 2
2154 2168 1
2168 2154 1
2158 2162 1
2162 2158 1
2158 2163 1
2163 2158 1
2158 2164 1
2164 2158 1
2158 2166 1
2166 2158 1
2158 2170 1
2170 2158 1
2158 2177 1
2177 2158 1
2167 2191 1
2191 2167 1
2167 2214 3
2214 2167 3
2167 2233 1
2233 2167 1
2167 2237 1
2237 2167 1
2167 2249 1
2249 2167 1
2167 2280 1
2280 2167 1
2167 2281 1
2281 2167 1
2167 2284 1
2284 2167 1
2167 2286 1
2286 2167 1
2167 2290 2
2290 2167 2
2167 2294 2
2294 2167 2
2167 2295 1
2295 2167 1
2167 2296 1
2296 2167 1
2167 2297 1
2297 2167 1
2167 2298 1
2298 2167 1
2167 2335 1
2335 2167 1
2167 2343 1
2343 2167 1
2167 2363 1
2363 2167 1
2167 2364 1
2364 2167 1
2167 2366 1
2366 2167 1
2183 2317 1
2317 2183 1
2184 2223 1
2223 2184 1
2184 2224 1
2224 2184 1
2184 2227 1
2227 2184 1
2184 2247 6
2247 2184 6
2184 2255 1
2255 2184 1
2184 2325 1
2325 2184 1
2185 2190 3
2190 2185 3
2185 2198 1
2198 2185 1
2185 2201 1
2201 2185 1
2185 2210 4
2210 2185 4
2185 2220 3
2220 2185 3
2185 2271 1
2271 2185 1
2185 2305 1
2305 2185 1
2185 2326 1
2326 2185 1
2188 2262 1
2262 2188 1
2188 2264 1
2264 2188 1
2188 2265 1
2265 2188 1
2188 2266 1
2266 2188 1
2188 2312 1
2312 2188 1
2189 2194 8
2194 2189 8
2189 2304 1
2304 2189 1
2189 2306 1
2306 2189 1
2189 2307 1
2307 2189 1
2190 2198 2
2198 2190 2
2190 2201 1
2201 2190 1
2190 2214 3
2214 2190 3
2190 2287 2
2287 2190 2
2190 2324 2
2324 2190 2
2191 2232 1
2232 2191 1
2191 2236 1
2236 2191 1
2191 2267 1
2267 2191 1
2191 2273 5
2273 2191 5
2191 2284 1
2284 2191 1
2191 2288 3
2288 2191 3
2191 2293 1
2293 2191 1
2191 2366 2
2366 2191 2
2192 2200 6
2200 2192 6
2192 2203 1
2203 2192 1
2192 2216 1
2216 2192 1
2192 2237 2
2237 2192 2
2192 2270 6
2270 2192 6
2192 2367 1
2367 2192 1
2194 2273 5
2273 2194 5
2194 2292 2
2292 2194 2
2194 2302 2
2302 2194 2
2194 2315 1
2315 2194 1
2194 2316 1
2316 2194 1
2194 2318 1
2318 2194 1
2194 2319 1
2319 2194 1
2194 2357 2
2357 2194 2
2195 2361 1
2361 2195 1
2196 2198 2
2198 2196 2
2196 2210 4
2210 2196 4
2196 2212 1
2212 2196 1
2197 2216 1
2216 2197 1
2197 2288 1
2288 2197 1
2198 2210 1
2210 2198 1
2200 2237 2
2237 2200 2
2200 2305 3
2305 2200 3
2202 2305 2
2305 2202 2
2203 2216 1
2216 2203 1
2205 2250 1
2250 2205 1
2205 2251 1
2251 2205 1
2205 2367 2
2367 2205 2
2207 2305 1
2305 2207 1
2209 2218 1
2218 2209 1
2209 2220 2
2220 2209 2
2209 2360 1
2360 2209 1
2210 2212 1
2212 2210 1
2210 2271 3
2271 2210 3
2212 2215 1
2215 2212 1
2212 2217 1
2217 2212 1
2212 2221 1
2221 2212 1
2212 2271 1
2271 2212 1
2213 2260 1
2260 2213 1
2213 2264 1
2264 2213 1
2213 2265 1
2265 2213 1
2214 2240 2
2240 2214 2
2214 2260 2
2260 2214 2
2214 2269 1
2269 2214 1
2214 2275 1
2275 2214 1
2214 2279 1
2279 2214 1
2214 2371 1
2371 2214 1
2215 2271 1
2271 2215 1
2217 2271 1
2271 2217 1
2218 2271 1
2271 2218 1
2219 2221 1
2221 2219 1
2219 2310 1
2310 2219 1
2219 2325 2
2325 2219 2
2220 2229 1
2229 2220 1
2220 2247 1
2247 2220 1
2222 2256 1
2256 2222 1
2222 2310 3
2310 2222 3
2222 2374 1
2374 2222 1
2223 2271 1
2271 2223 1
2224 2271 1
2271 2224 1
2225 2308 1
2308 2225 1
2226 2317 1
2317 2226 1
2227 2247 1
2247 2227 1
2228 2229 1
2229 2228 1
2228 2252 1
2252 2228 1
2228 2305 1
2305 2228 1
2230 2231 1
2231 2230 1
2230 2247 1
2247 2230 1
2230 2274 1
2274 2230 1
2230 2283 1
2283 2230 1
2231 2235 1
2235 2231 1
2231 2243 3
2243 2231 3
2231 2278 3
2278 2231 3
2231 2350 1
2350 2231 1
2231 2359 1
2359 2231 1
2231 2362 1
2362 2231 1
2231 2367 4
2367 2231 4
2234 2246 1
2246 2234 1
2234 2247 2
2247 2234 2
2234 2289 1
2289 2234 1
2234 2327 2
2327 2234 2
2234 2344 2
2344 2234 2
2234 2347 1
2347 2234 1
2236 2291 1
2291 2236 1
2237 2298 1
2298 2237 1
2237 2305 1
2305 2237 1
2237 2351 1
2351 2237 1
2238 2247 1
2247 2238 1
2239 2247 1
2247 2239 1
2239 2317 1
2317 2239 1
2239 2372 1
2372 2239 1
2241 2242 1
2242 2241 1
2241 2330 1
2330 2241 1
2242 2331 1
2331 2242 1
2242 2333 1
2333 2242 1
2243 2356 1
2356 2243 1
2244 2247 1
2247 2244 1
2244 2248 1
2248 2244 1
2244 2334 1
2334 2244 1
2244 2345 1
2345 2244 1
2245 2259 1
2259 2245 1
2246 2247 1
2247 2246 1
2247 2248 1
2248 2247 1
2247 2252 1
2252 2247 1
2247 2255 1
2255 2247 1
2247 2283 1
2283 2247 1
2247 2314 1
2314 2247 1
2247 2327 2
2327 2247 2
2247 2338 1
2338 2247 1
2247 2344 1
2344 2247 1
2247 2347 1
2347 2247 1
2247 2360 1
2360 2247 1
2247 2368 1
2368 2247 1
2249 2291 1
2291 2249 1
2250 2359 1
2359 2250 1
2258 2259 1
2259 2258 1
2266 2312 1
2312 2266 1
2267 2285 2
2285 2267 2
2270 2297 1
2297 2270 1
2270 2299 1
2299 2270 1
2271 2326 1
2326 2271 1
2272 2285 1
2285 2272 1
2273 2288 8
2288 2273 8
2273 2302 1
2302 2273 1
2273 2303 1
2303 2273 1
2273 2318 1
2318 2273 1
2273 2319 1
2319 2273 1
2274 2278 1
2278 2274 1
2278 2289 1
2289 2278 1
2278 2350 1
2350 2278 1
2278 2353 1
2353 2278 1
2278 2354 1
2354 2278 1
2278 2355 1
2355 2278 1
2278 2362 1
2362 2278 1
2278 2368 1
2368 2278 1
2278 2370 1
2370 2278 1
2280 2300 1
2300 2280 1
2281 2294 1
2294 2281 1
2282 2288 3
2288 2282 3
2282 2309 1
2309 2282 1
2285 2291 1
2291 2285 1
2285 2312 2
2312 2285 2
2285 2335 5
2335 2285 5
2286 2291 1
2291 2286 1
2287 2365 2
2365 2287 2
2287 2371 1
2371 2287 1
2288 2293 1
2293 2288 1
2288 2296 1
2296 2288 1
2288 2299 1
2299 2288 1
2291 2335 2
2335 2291 2
2292 2301 1
2301 2292 1
2295 2366 1
2366 2295 1
2302 2311 1
2311 2302 1
2303 2309 1
2309 2303 1
2305 2365 1
2365 2305 1
2305 2367 4
2367 2305 4
2308 2328 1
2328 2308 1
2308 2333 1
2333 2308 1
2314 2325 1
2325 2314 1
2315 2316 1
2316 2315 1
2317 2332 1
2332 2317 1
2317 2334 1
2334 2317 1
2317 2341 1
2341 2317 1
2317 2369 1
2369 2317 1
2329 2330 1
2330 2329 1
2329 2333 1
2333 2329 1
2330 2369 1
2369 2330 1
2331 2376 1
2376 2331 1
2332 2376 1
2376 2332 1
2334 2342 1
2342 2334 1
2334 2372 1
2372 2334 1
2335 2364 1
2364 2335 1
2337 2338 1
2338 2337 1
2337 2342 1
2342 2337 1
2337 2344 1
2344 2337 1
2337 2345 1
2345 2337 1
2337 2346 1
2346 2337 1
2339 2341 1
2341 2339 1
2339 2342 1
2342 2339 1
2340 2342 1
2342 2340 1
2349 2383 3
2383 2349 3
2349 2384 1
2384 2349 1
2349 2386 1
2386 2349 1
2349 2387 1
2387 2349 1
2349 2388 1
2388 2349 1
2349 2389 1
2389 2349 1
2349 2391 1
2391 2349 1
2349 2400 2
2400 2349 2
2349 2401 1
2401 2349 1
2349 2402 1
2402 2349 1
2349 2404 1
2404 2349 1
2349 2406 1
2406 2349 1
2357 2377 1
2377 2357 1
2381 2385 2
2385 2381 2
2382 2383 1
2383 2382 1
2382 2385 1
2385 2382 1
2383 2406 1
2406 2383 1
2385 2406 2
2406 2385 2
2388 2406 1
2406 2388 1
2390 2406 1
2406 2390 1
2390 2407 2
2407 2390 2
2394 2400 1
2400 2394 1
2394 2404 1
2404 2394 1
