39.972383 -104.734324 39.970383 -104.734324
39.761886 -104.621822 39.753986 -104.622022
39.970383 -104.734324 39.972383 -104.734324
39.928784 -104.734025 39.929084 -104.715224
39.987183 -104.844429 39.987083 -104.837428
39.944226 -104.850586 39.949899 -104.856198
39.822086 -105.049738 39.821786 -105.051538
39.821786 -105.051538 39.822086 -105.049738
39.821686 -105.053338 39.823586 -105.053338
39.823586 -105.053338 39.821686 -105.053338
39.819886 -104.978135 39.820486 -104.978235
39.816486 -105.034837 39.814386 -105.034837
39.816486 -105.043738 39.816486 -105.043390
39.814386 -105.034837 39.816486 -105.034837
39.816486 -105.043390 39.816486 -105.043738
39.814986 -105.006737 39.812786 -105.012937
39.812786 -105.012937 39.814986 -105.006737
39.816386 -105.029937 39.815486 -105.029937
39.815786 -105.025237 39.816486 -105.025237
39.816486 -105.025237 39.815786 -105.025237
39.815486 -105.029937 39.816386 -105.029937
39.813486 -105.006737 39.812686 -105.006637
39.809802 -105.006637 39.808049 -105.009879
39.798486 -105.006937 39.799814 -105.006831
39.799814 -105.006831 39.798486 -105.006937
39.812686 -105.006637 39.813486 -105.006737
39.818286 -104.987736 39.816486 -104.987736
39.816486 -104.987736 39.818286 -104.987736
39.817486 -104.983436 39.816386 -104.985036
39.816386 -104.985036 39.817486 -104.983436
39.812786 -104.983236 39.815486 -104.983336
39.815486 -104.983336 39.812786 -104.983236
39.820486 -104.978235 39.819886 -104.978135
39.820186 -104.968835 39.820086 -104.963535
39.820186 -104.959435 39.813786 -104.951634
39.820086 -104.963535 39.820186 -104.968835
39.816486 -104.959435 39.818286 -104.959435
39.818286 -104.959435 39.816486 -104.959435
39.813786 -104.951634 39.820186 -104.959435
39.812986 -104.717306 39.812986 -104.701324
39.885185 -104.928133 39.885385 -104.927333
39.885385 -104.927333 39.885185 -104.928133
39.882674 -104.916710 39.885182 -104.916733
39.856285 -104.935833 39.856385 -104.931633
39.856385 -104.931633 39.856285 -104.935833
39.870885 -104.911432 39.870885 -104.902032
39.870885 -104.902032 39.870885 -104.911432
39.838653 -104.931711 39.838785 -104.931533
39.838785 -104.931533 39.838653 -104.931711
39.923384 -104.867330 39.921684 -104.864930
39.921684 -104.864930 39.923384 -104.867330
39.805586 -104.931734 39.805586 -104.932134
39.805586 -104.931734 39.802986 -104.931634
39.805586 -104.932134 39.805586 -104.931734
39.806586 -104.941634 39.807986 -104.940334
39.807986 -104.940334 39.806586 -104.941634
39.830986 -104.937434 39.831086 -104.938834
39.831086 -104.938834 39.830986 -104.937434
39.802986 -104.931634 39.805586 -104.931734
39.801986 -104.930334 39.798686 -104.930334
39.798686 -104.930334 39.801986 -104.930334
39.798186 -104.929734 39.798186 -104.929334
39.798186 -104.929334 39.798186 -104.929734
39.787386 -104.903833 39.791686 -104.909933
39.791686 -104.909933 39.787386 -104.903833
39.793686 -104.903833 39.787786 -104.903533
39.787786 -104.903533 39.793686 -104.903833
39.759387 -104.847230 39.758499 -104.847230
39.758499 -104.847230 39.759387 -104.847230
39.959821 -104.838720 39.960336 -104.837612
39.960336 -104.837612 39.959821 -104.838720
40.000583 -104.837428 40.000483 -104.838928
40.000483 -104.838928 40.000583 -104.837428
39.987083 -104.837428 39.987183 -104.844429
39.957884 -104.832228 39.959208 -104.831392
39.959208 -104.831392 39.957884 -104.832228
39.962832 -104.818383 39.957784 -104.818428
39.957784 -104.818428 39.962832 -104.818383
39.964384 -104.809027 39.961084 -104.809027
39.961084 -104.809027 39.964384 -104.809027
39.972483 -104.751925 39.961484 -104.763026
39.961484 -104.763026 39.972483 -104.751925
39.957784 -104.771326 39.965370 -104.771223
39.965370 -104.771223 39.957784 -104.771326
39.929084 -104.715224 39.928784 -104.734025
39.747687 -104.847131 39.747539 -104.844947
39.740387 -104.847131 39.740387 -104.841530
39.812986 -104.701324 39.812986 -104.717306
39.753986 -104.622022 39.761886 -104.621822
39.744186 -104.603222 39.744218 -104.602992
39.739586 -104.603322 39.739582 -104.603051
39.744218 -104.602992 39.744186 -104.603222
39.747539 -104.844947 39.747687 -104.847131
39.740387 -104.841530 39.740387 -104.847131
40.000084 -105.052737 40.000084 -105.055437
40.000084 -105.052737 40.000416 -105.052842
39.885182 -104.916733 39.882674 -104.916710
39.739582 -104.603051 39.739586 -104.603322
39.808049 -105.009879 39.809802 -105.006637
39.949899 -104.856198 39.944226 -104.850586
37.416849 -105.672515 37.416895 -105.671797
37.416895 -105.671797 37.416849 -105.672515
37.416322 -105.703800 37.407140 -105.691387
37.407140 -105.691387 37.416322 -105.703800
37.446096 -105.636841 37.445937 -105.635755
37.445976 -105.636984 37.444952 -105.635899
37.475017 -105.602426 37.471589 -105.578092
37.364875 -105.733960 37.365060 -105.730553
39.723318 -104.452182 39.714757 -104.452394
39.636711 -104.373165 39.636891 -104.360434
39.636168 -104.453855 39.636181 -104.457011
39.636181 -104.457011 39.636168 -104.453855
39.714757 -104.452394 39.723318 -104.452182
39.636891 -104.360434 39.636711 -104.373165
39.578786 -104.361696 39.576613 -104.361727
39.646087 -105.025138 39.645987 -105.025138
39.643987 -105.034539 39.643187 -105.034639
39.645987 -105.025138 39.646087 -105.025138
39.642487 -105.006038 39.643887 -105.005538
39.642639 -105.008388 39.648826 -105.003813
39.660487 -104.998437 39.660587 -104.998837
39.660587 -104.998837 39.660487 -104.998437
39.643887 -105.005538 39.642487 -105.006038
39.648826 -105.003813 39.642639 -105.008388
39.653287 -104.999437 39.653287 -105.000327
39.653287 -105.000327 39.653287 -104.999437
39.597971 -105.043082 39.595387 -105.044039
39.595387 -105.044039 39.597971 -105.043082
39.580587 -105.043651 39.580587 -105.045765
39.580587 -105.045765 39.580587 -105.043651
39.676387 -104.903233 39.674487 -104.903433
39.678087 -104.905234 39.678387 -104.906434
39.674687 -104.877932 39.674687 -104.880533
39.674687 -104.880533 39.674687 -104.877932
39.682987 -104.881033 39.683687 -104.881933
39.683687 -104.881933 39.682987 -104.881033
39.689187 -104.882333 39.689187 -104.881132
39.689187 -104.881132 39.689187 -104.882333
39.696687 -104.877932 39.696496 -104.882328
39.722787 -104.847331 39.722687 -104.846031
39.711187 -104.859806 39.711187 -104.857731
39.711187 -104.857731 39.711187 -104.859806
39.711187 -104.854531 39.712787 -104.854731
39.712787 -104.854731 39.711187 -104.854531
39.711287 -104.847431 39.711487 -104.847331
39.711087 -104.850331 39.712588 -104.850332
39.703687 -104.866232 39.704187 -104.866232
39.678387 -104.906434 39.678087 -104.905234
39.671242 -104.897422 39.671187 -104.897019
39.671187 -104.897019 39.671242 -104.897422
39.674487 -104.903433 39.676387 -104.903233
39.641887 -104.880133 39.642887 -104.877733
39.642887 -104.877733 39.641887 -104.880133
39.632187 -104.877233 39.642718 -104.870695
39.642718 -104.870695 39.632187 -104.877233
39.572388 -104.789130 39.573988 -104.790230
39.739087 -104.847431 39.739087 -104.846431
39.739087 -104.846431 39.739087 -104.847431
39.736387 -104.846331 39.736387 -104.845231
39.733187 -104.846131 39.733187 -104.845231
39.733187 -104.845231 39.733187 -104.846131
39.736387 -104.845231 39.736387 -104.846331
39.728387 -104.844331 39.728787 -104.845531
39.728787 -104.845531 39.728387 -104.844331
39.725787 -104.843431 39.725787 -104.847531
39.725787 -104.847531 39.725787 -104.843431
39.601753 -104.714798 39.599896 -104.710185
39.722687 -104.846031 39.722787 -104.847331
39.719087 -104.839631 39.718787 -104.843031
39.718787 -104.843031 39.719087 -104.839631
39.712588 -104.850332 39.711087 -104.850331
39.711487 -104.847331 39.711287 -104.847431
39.594982 -104.806736 39.594988 -104.807709
39.594988 -104.807709 39.594982 -104.806736
39.573988 -104.790230 39.572388 -104.789130
39.576613 -104.361727 39.578786 -104.361696
39.594269 -104.201576 39.594241 -104.211193
39.594241 -104.211193 39.594269 -104.201576
39.609249 -104.098930 39.603648 -104.099072
39.603648 -104.099072 39.609249 -104.098930
39.565106 -104.216636 39.548811 -104.216749
39.580418 -104.062186 39.587741 -104.061979
39.587741 -104.061979 39.580418 -104.062186
39.566004 -104.013542 39.567111 -104.014287
39.567111 -104.014287 39.566004 -104.013542
39.586340 -104.028381 39.595152 -104.034144
39.595152 -104.034144 39.586340 -104.028381
39.704187 -104.866232 39.703687 -104.866232
39.696496 -104.882328 39.696687 -104.877932
39.599896 -104.710185 39.601753 -104.714798
38.099549 -102.958594 38.086688 -102.958447
38.086688 -102.958447 38.099549 -102.958594
38.100911 -102.769683 38.100339 -102.769365
38.100339 -102.769365 38.100911 -102.769683
38.059387 -103.298024 38.059138 -103.302885
38.059138 -103.302885 38.059387 -103.298024
38.084947 -103.220326 38.083808 -103.220304
38.083808 -103.220304 38.084947 -103.220326
39.928579 -105.166749 39.927260 -105.166645
40.251885 -105.337147 40.242985 -105.313346
40.242985 -105.313346 40.251885 -105.337147
40.237771 -105.159540 40.232484 -105.159540
40.232484 -105.159540 40.237771 -105.159540
40.234584 -105.102638 40.217984 -105.102638
40.247284 -105.083537 40.239384 -105.083637
40.239384 -105.083637 40.247284 -105.083537
40.232484 -105.130939 40.239484 -105.131039
40.239484 -105.131039 40.232484 -105.130939
40.217984 -105.102638 40.234584 -105.102638
40.231484 -105.083737 40.217984 -105.083637
40.217984 -105.083637 40.231484 -105.083737
40.262084 -105.055136 40.254364 -105.055048
40.254364 -105.055048 40.262084 -105.055136
40.220784 -105.055236 40.218484 -105.054936
40.218484 -105.054936 40.220784 -105.055236
40.189184 -105.054936 40.192595 -105.054860
39.997086 -105.309147 39.983504 -105.323337
39.983504 -105.323337 39.997086 -105.309147
39.953485 -105.231844 39.950185 -105.233744
39.950185 -105.233744 39.953485 -105.231844
39.936385 -105.129840 39.939281 -105.136685
39.939281 -105.136685 39.936385 -105.129840
39.957985 -105.127840 39.954533 -105.127881
39.943285 -105.127840 39.940683 -105.127560
39.986184 -105.071838 39.984584 -105.071838
39.957785 -105.090439 39.957600 -105.090439
39.957785 -105.090439 39.957785 -105.090325
39.957600 -105.090439 39.957785 -105.090439
39.984584 -105.071838 39.986184 -105.071838
39.957785 -105.090325 39.957785 -105.090439
39.913885 -105.147341 39.913889 -105.147161
39.927260 -105.166645 39.928579 -105.166749
40.000084 -105.055437 40.000084 -105.052737
39.928819 -105.137096 39.928795 -105.129543
39.940683 -105.127560 39.943285 -105.127840
39.940683 -105.127560 39.940214 -105.127193
39.940214 -105.127193 39.940683 -105.127560
39.928795 -105.129543 39.928819 -105.137096
39.954533 -105.127881 39.957985 -105.127840
39.913889 -105.147161 39.913885 -105.147341
38.490889 -106.084419 38.477223 -106.088200
38.477223 -106.088200 38.490889 -106.084419
38.907088 -105.980928 38.907275 -105.980363
38.907275 -105.980363 38.907088 -105.980928
38.831246 -105.987343 38.801934 -105.971556
38.801934 -105.971556 38.831246 -105.987343
38.562983 -105.987363 38.577625 -105.974800
38.577625 -105.974800 38.562983 -105.987363
38.912817 -106.180428 38.923240 -106.182271
38.923240 -106.182271 38.912817 -106.180428
38.925149 -106.032599 38.938837 -106.043979
38.938837 -106.043979 38.925149 -106.032599
38.823566 -106.184066 38.823405 -106.184335
38.644046 -106.083382 38.643154 -106.083236
38.643154 -106.083236 38.644046 -106.083382
38.823405 -106.184335 38.823566 -106.184066
39.769800 -105.815050 39.770792 -105.809386
39.770792 -105.809386 39.769800 -105.815050
39.742572 -105.431319 39.736441 -105.419438
39.736441 -105.419438 39.742572 -105.431319
37.305710 -105.747571 37.307285 -105.738065
37.307285 -105.738065 37.305710 -105.747571
37.180944 -105.745555 37.180900 -105.741807
37.180900 -105.741807 37.180944 -105.745555
37.445937 -105.635755 37.446096 -105.636841
37.444952 -105.635899 37.445976 -105.636984
37.471589 -105.578092 37.475017 -105.602426
37.365060 -105.730553 37.364875 -105.733960
38.465017 -103.760458 38.464921 -103.751609
38.464921 -103.751609 38.465017 -103.760458
38.264531 -103.748416 38.265002 -103.748424
38.265002 -103.748424 38.264531 -103.748416
38.243644 -103.692179 38.243869 -103.677338
38.243869 -103.677338 38.243644 -103.692179
38.228561 -103.692295 38.230304 -103.683858
38.230304 -103.683858 38.228561 -103.692295
37.997763 -105.362641 37.996858 -105.361891
37.996858 -105.361891 37.997763 -105.362641
37.937517 -105.326852 37.922637 -105.328402
38.159692 -105.259849 38.162550 -105.246269
38.162550 -105.246269 38.159692 -105.259849
39.060450 -107.881914 39.064749 -107.873188
39.064749 -107.873188 39.060450 -107.881914
38.820886 -107.732820 38.820929 -107.733021
38.820929 -107.733021 38.820886 -107.732820
38.798861 -107.724329 38.798838 -107.725907
38.798838 -107.725907 38.798861 -107.724329
38.797923 -107.725936 38.797923 -107.724328
38.797923 -107.724328 38.797923 -107.725936
39.725587 -105.053139 39.725987 -105.053139
39.725987 -105.053139 39.725587 -105.053139
39.744039 -105.016272 39.742678 -105.014333
39.753786 -105.009637 39.753168 -105.008662
39.753168 -105.008662 39.753786 -105.009637
39.741609 -105.014300 39.741786 -105.014537
39.741786 -105.014537 39.741609 -105.014300
39.736886 -105.015837 39.736886 -105.014237
39.736886 -105.014237 39.736886 -105.015837
39.740486 -105.015104 39.740486 -105.015037
39.742678 -105.014333 39.744039 -105.016272
39.738309 -105.013788 39.738316 -105.014273
39.729386 -105.015037 39.729386 -105.016037
39.729386 -105.016037 39.729386 -105.015037
39.783986 -105.000337 39.783971 -104.999730
39.783971 -104.999730 39.783986 -105.000337
39.783086 -105.006637 39.783686 -105.003937
39.783686 -105.003937 39.783086 -105.006637
39.725449 -105.018536 39.725687 -105.018538
39.725687 -105.018538 39.725449 -105.018536
39.758986 -105.000637 39.759086 -105.000837
39.754986 -105.007537 39.754460 -105.006835
39.756086 -105.006737 39.754686 -105.004637
39.754460 -105.006835 39.754986 -105.007537
39.754686 -105.004637 39.756086 -105.006737
39.757086 -105.000737 39.756486 -104.999937
39.763829 -105.002393 39.765678 -105.000637
39.756486 -104.999937 39.757086 -105.000737
39.759086 -105.000837 39.758986 -105.000637
39.778486 -104.897032 39.777986 -104.894932
39.777986 -104.894932 39.778486 -104.897032
39.768586 -104.866231 39.768602 -104.866434
39.768602 -104.866434 39.768586 -104.866231
39.662887 -105.081340 39.662087 -105.081340
39.662087 -105.081340 39.662887 -105.081340
39.639087 -105.060639 39.638887 -105.059439
39.644087 -105.053339 39.643587 -105.053339
39.638887 -105.059439 39.639087 -105.060639
39.643587 -105.053339 39.644087 -105.053339
39.725559 -105.039249 39.725777 -105.039233
39.725777 -105.039233 39.725559 -105.039249
39.725437 -105.032531 39.725836 -105.032538
39.725836 -105.032538 39.725437 -105.032531
39.725233 -105.025127 39.725861 -105.025136
39.725861 -105.025136 39.725233 -105.025127
39.740486 -105.015037 39.740486 -105.015104
39.652987 -105.054239 39.652987 -105.053239
39.650987 -105.053239 39.650287 -105.053239
39.650287 -105.053239 39.650987 -105.053239
39.652987 -105.053239 39.652987 -105.054239
39.643187 -105.034639 39.643987 -105.034539
39.697087 -104.987837 39.694912 -104.987599
39.697087 -104.987837 39.697068 -104.986354
39.687687 -104.992437 39.687587 -104.991137
39.692987 -104.989037 39.692987 -104.988837
39.694912 -104.987599 39.697087 -104.987837
39.692987 -104.988837 39.692987 -104.989037
39.697421 -104.982912 39.696787 -104.982936
39.697068 -104.986354 39.697087 -104.987837
39.696787 -104.982936 39.697421 -104.982912
39.687587 -104.991137 39.687687 -104.992437
39.678587 -104.993437 39.678587 -104.993237
39.678587 -104.993237 39.678587 -104.993437
39.694387 -104.979436 39.693387 -104.979436
39.693387 -104.979436 39.694387 -104.979436
39.692987 -104.978836 39.692987 -104.979136
39.692987 -104.979136 39.692987 -104.978836
39.691487 -104.977036 39.691164 -104.977078
39.691164 -104.977078 39.691487 -104.977036
39.689987 -104.973536 39.689487 -104.973536
39.689487 -104.973536 39.689987 -104.973536
39.687687 -104.968836 39.687187 -104.968836
39.687187 -104.968836 39.687687 -104.968836
39.683087 -104.959436 39.683305 -104.959453
39.683305 -104.959453 39.683087 -104.959436
39.684787 -104.950435 39.683787 -104.950935
39.683787 -104.950935 39.684787 -104.950435
39.682387 -104.940635 39.683087 -104.940735
39.681987 -104.937635 39.682089 -104.937873
39.683087 -104.940735 39.682387 -104.940635
39.682089 -104.937873 39.681987 -104.937635
39.679787 -104.931535 39.680387 -104.931635
39.680387 -104.931635 39.679787 -104.931535
39.680487 -104.922134 39.679787 -104.922134
39.679787 -104.922134 39.680487 -104.922134
39.678387 -104.912834 39.680087 -104.912834
39.680087 -104.912834 39.678387 -104.912834
39.679787 -104.908034 39.678387 -104.908034
39.678387 -104.908034 39.679787 -104.908034
39.700087 -104.875532 39.700687 -104.875632
39.700687 -104.875632 39.700087 -104.875532
39.659487 -104.866332 39.656987 -104.866232
39.656987 -104.866232 39.659487 -104.866332
39.902294 -104.697248 39.902355 -104.686739
39.834588 -104.741390 39.834588 -104.745760
39.834588 -104.745760 39.834588 -104.741390
39.902355 -104.686739 39.902294 -104.697248
39.738316 -105.014273 39.738309 -105.013788
39.765678 -105.000637 39.763829 -105.002393
39.228957 -105.081494 39.233005 -105.096034
39.233005 -105.096034 39.228957 -105.081494
39.483786 -104.994559 39.483971 -104.994636
39.431071 -104.965425 39.432393 -104.964411
39.432393 -104.964411 39.431071 -104.965425
39.421934 -104.892710 39.421726 -104.891993
39.414765 -104.869684 39.412683 -104.868296
39.412683 -104.868296 39.414765 -104.869684
39.421726 -104.891993 39.421934 -104.892710
39.536488 -105.036239 39.539053 -105.036271
39.539053 -105.036271 39.536488 -105.036239
39.536363 -104.811681 39.534025 -104.806726
39.534025 -104.806726 39.536363 -104.811681
39.544588 -104.793331 39.543435 -104.793315
39.548688 -104.774430 39.549656 -104.774997
39.549656 -104.774997 39.548688 -104.774430
39.514989 -104.800031 39.514989 -104.799232
39.514989 -104.799232 39.514989 -104.800031
39.483971 -104.994636 39.483786 -104.994559
39.550634 -104.775569 39.550950 -104.774758
39.543435 -104.793315 39.544588 -104.793331
39.550950 -104.774758 39.550634 -104.775569
38.938867 -103.758062 38.938984 -103.744149
38.938984 -103.744149 38.938867 -103.758062
39.348295 -104.463489 39.348114 -104.463489
39.381478 -103.750341 39.373681 -103.749538
39.373681 -103.749538 39.381478 -103.750341
39.373681 -103.749538 39.373524 -103.742698
39.373524 -103.742698 39.373681 -103.749538
39.462643 -104.365986 39.462464 -104.356890
39.462464 -104.356890 39.462643 -104.365986
39.346647 -104.473688 39.348339 -104.478287
39.348339 -104.478287 39.346647 -104.473688
39.348114 -104.463489 39.348295 -104.463489
39.241471 -104.533886 39.247481 -104.533363
39.247481 -104.533363 39.241471 -104.533886
39.221217 -104.536690 39.221123 -104.534998
39.206134 -104.538460 39.199062 -104.538345
39.199062 -104.538345 39.206134 -104.538460
39.158278 -104.557587 39.158162 -104.584516
39.158162 -104.584516 39.158278 -104.557587
39.221123 -104.534998 39.221217 -104.536690
39.534820 -104.366424 39.534575 -104.350930
39.534575 -104.350930 39.534820 -104.366424
39.548811 -104.216749 39.565106 -104.216636
39.066346 -105.022612 39.085331 -105.027211
39.085331 -105.027211 39.066346 -105.022612
39.057447 -104.991259 39.089271 -104.911481
39.128489 -104.594022 39.104046 -104.598306
39.104046 -104.598306 39.128489 -104.594022
38.838603 -104.591003 38.838698 -104.593585
38.838698 -104.593585 38.838603 -104.591003
38.781094 -104.617825 38.781057 -104.626046
38.781057 -104.626046 38.781094 -104.617825
38.751849 -104.478330 38.737499 -104.478058
38.737519 -104.911696 38.737244 -104.912310
38.737244 -104.912310 38.737519 -104.911696
38.737499 -104.478058 38.751849 -104.478330
38.694104 -104.458992 38.694036 -104.459401
38.694036 -104.459401 38.694104 -104.458992
38.620761 -104.688551 38.623008 -104.689111
38.623008 -104.689111 38.620761 -104.688551
38.593118 -104.441463 38.593203 -104.432045
38.593203 -104.432045 38.593118 -104.441463
38.578674 -104.441463 38.578605 -104.460126
38.578605 -104.460126 38.578674 -104.441463
39.089271 -104.911481 39.057447 -104.991259
38.873734 -104.928340 38.871222 -104.926036
38.871222 -104.926036 38.873734 -104.928340
38.649482 -104.865138 38.647162 -104.864498
38.647162 -104.864498 38.649482 -104.865138
38.952360 -104.807380 38.952040 -104.807988
38.952040 -104.807988 38.952360 -104.807380
38.932792 -104.811832 38.932792 -104.811332
38.932792 -104.811332 38.932792 -104.811832
39.100327 -104.663025 39.100158 -104.672813
39.100158 -104.672813 39.100327 -104.663025
39.071048 -104.658705 39.071096 -104.663121
39.071096 -104.663121 39.071048 -104.658705
38.912493 -104.733930 38.913685 -104.734119
38.913685 -104.734119 38.912493 -104.733930
38.912807 -104.719976 38.911033 -104.719985
38.941305 -104.688337 38.941337 -104.682417
38.941337 -104.682417 38.941305 -104.688337
38.999048 -104.637984 38.999068 -104.635061
38.913509 -104.626737 38.913914 -104.626479
38.913914 -104.626479 38.913509 -104.626737
38.894866 -104.784378 38.896425 -104.781986
38.896425 -104.781986 38.894866 -104.784378
38.899493 -104.764230 38.897641 -104.762098
38.899493 -104.759830 38.898493 -104.760230
38.899493 -104.759830 38.898893 -104.758930
38.898493 -104.760230 38.899493 -104.759830
38.898893 -104.758930 38.899493 -104.759830
38.895793 -104.766230 38.895417 -104.765682
38.895417 -104.765682 38.895793 -104.766230
38.897641 -104.762098 38.899493 -104.764230
38.904093 -104.752430 38.903893 -104.751430
38.901393 -104.753930 38.900093 -104.752930
38.900093 -104.752930 38.901393 -104.753930
38.903893 -104.751430 38.904093 -104.752430
38.911033 -104.719985 38.912807 -104.719976
38.904186 -104.683024 38.900443 -104.683005
38.999068 -104.635061 38.999048 -104.637984
38.900443 -104.683005 38.904186 -104.683024
38.492964 -105.701076 38.510666 -105.698573
38.510666 -105.698573 38.492964 -105.701076
38.381536 -105.111957 38.381502 -105.109402
38.370588 -105.688990 38.370519 -105.688467
38.370519 -105.688467 38.370588 -105.688990
38.329153 -105.105180 38.327603 -105.105049
38.327603 -105.105049 38.329153 -105.105180
38.633177 -105.380908 38.629163 -105.375890
38.629163 -105.375890 38.633177 -105.380908
38.585743 -105.418188 38.566449 -105.426562
38.566449 -105.426562 38.585743 -105.418188
38.381502 -105.109402 38.381536 -105.111957
39.381494 -107.203138 39.378935 -107.203049
39.378935 -107.203049 39.381494 -107.203138
39.769133 -107.790835 39.769472 -107.798720
39.769472 -107.798720 39.769133 -107.790835
39.683301 -107.854560 39.675987 -107.845136
39.675987 -107.845136 39.683301 -107.854560
39.578798 -107.771360 39.578213 -107.771427
39.561251 -107.381694 39.560994 -107.373395
39.560994 -107.373395 39.561251 -107.381694
39.560426 -108.236861 39.581993 -108.236964
39.581993 -108.236964 39.560426 -108.236861
39.459251 -108.063781 39.456296 -108.059089
39.456296 -108.059089 39.459251 -108.063781
39.578213 -107.771427 39.578798 -107.771360
39.777761 -105.536804 39.772122 -105.537868
39.772122 -105.537868 39.777761 -105.536804
39.926191 -105.502537 39.925058 -105.502938
39.925058 -105.502938 39.926191 -105.502537
39.883687 -105.473851 39.886929 -105.470003
39.886929 -105.470003 39.883687 -105.473851
40.143110 -106.464233 40.133195 -106.490789
40.133195 -106.490789 40.143110 -106.464233
40.266849 -105.833438 40.307387 -105.841564
40.307387 -105.841564 40.266849 -105.833438
39.924615 -106.344525 39.924688 -106.344966
39.924688 -106.344966 39.924615 -106.344525
37.922637 -105.328402 37.937517 -105.326852
37.882278 -105.208388 37.883875 -105.208639
37.883875 -105.208639 37.882278 -105.208388
37.759202 -105.178597 37.754454 -105.178533
37.783490 -105.159555 37.781032 -105.150679
37.781032 -105.150679 37.783490 -105.159555
37.754454 -105.178533 37.759202 -105.178597
37.705181 -105.246696 37.692114 -105.234595
37.692114 -105.234595 37.705181 -105.246696
37.541623 -105.055721 37.541783 -105.052559
37.541623 -105.055721 37.556276 -105.071105
37.541783 -105.052559 37.541623 -105.055721
37.521473 -105.034137 37.521773 -105.041725
37.521773 -105.041725 37.521473 -105.034137
37.521087 -105.052820 37.518952 -105.052681
37.556276 -105.071105 37.541623 -105.055721
37.518952 -105.052681 37.521087 -105.052820
37.452817 -104.771029 37.447371 -104.779418
37.447371 -104.779418 37.452817 -104.771029
37.492538 -105.020500 37.488559 -105.020630
37.488559 -105.020630 37.492538 -105.020500
37.762872 -104.444431 37.768487 -104.423603
37.768487 -104.423603 37.762872 -104.444431
37.663375 -104.700941 37.662023 -104.704627
37.662023 -104.704627 37.663375 -104.700941
37.516797 -104.693747 37.521078 -104.696704
37.521078 -104.696704 37.516797 -104.693747
39.500908 -105.272707 39.498454 -105.276609
39.498454 -105.276609 39.500908 -105.272707
39.843796 -105.110057 39.845313 -105.110000
39.705089 -105.325539 39.706467 -105.323410
39.656787 -105.290446 39.659787 -105.286546
39.659787 -105.286546 39.656787 -105.290446
39.518154 -105.305075 39.515211 -105.305552
39.515211 -105.305552 39.518154 -105.305075
39.871003 -105.148817 39.870774 -105.149137
39.870774 -105.149137 39.871003 -105.148817
39.851594 -105.116457 39.851460 -105.119480
39.851460 -105.119480 39.851594 -105.116457
39.845313 -105.110000 39.843796 -105.110057
39.841881 -105.104327 39.841955 -105.106703
39.841955 -105.106703 39.841881 -105.104327
39.835793 -105.095470 39.836286 -105.095240
39.836286 -105.095240 39.835793 -105.095470
39.828086 -105.081539 39.827271 -105.081488
39.827289 -105.072051 39.827192 -105.072052
39.827289 -105.075393 39.826492 -105.075179
39.706467 -105.323410 39.705089 -105.325539
39.665592 -105.150299 39.661946 -105.157172
39.661946 -105.157172 39.665592 -105.150299
39.827271 -105.081488 39.828086 -105.081539
39.827286 -105.078939 39.827332 -105.079458
39.827332 -105.079458 39.827286 -105.078939
39.826492 -105.075179 39.827289 -105.075393
39.827192 -105.072052 39.827289 -105.072051
39.673023 -105.169473 39.674827 -105.165086
39.677605 -105.157521 39.680676 -105.160798
39.680676 -105.160798 39.677605 -105.157521
39.637387 -105.167543 39.636987 -105.167143
39.636987 -105.167143 39.637387 -105.167543
39.715132 -105.137908 39.713790 -105.137736
39.713790 -105.137736 39.715132 -105.137908
39.711750 -105.133195 39.712033 -105.135173
39.711750 -105.133195 39.709709 -105.132974
39.712033 -105.135173 39.711750 -105.133195
39.709709 -105.132974 39.711750 -105.133195
39.681911 -105.156604 39.682858 -105.159409
39.682858 -105.159409 39.681911 -105.156604
39.683042 -105.159209 39.682887 -105.159542
39.715154 -105.119565 39.710787 -105.119241
39.710787 -105.119241 39.715154 -105.119565
39.710887 -105.123941 39.715387 -105.120953
39.715387 -105.120953 39.710887 -105.123941
39.712787 -105.104340 39.712987 -105.109640
39.712987 -105.109640 39.712787 -105.104340
39.712987 -105.109640 39.711887 -105.109540
39.723087 -105.109740 39.725082 -105.105006
39.725082 -105.105006 39.723087 -105.109740
39.711887 -105.109540 39.712987 -105.109640
39.662710 -105.112568 39.660954 -105.112310
39.660954 -105.112310 39.662710 -105.112568
39.662803 -105.109561 39.661976 -105.109520
39.725393 -105.100230 39.725287 -105.100240
39.725287 -105.100240 39.725393 -105.100230
39.725187 -105.090940 39.725387 -105.090940
39.725387 -105.090940 39.725187 -105.090940
39.724143 -105.081518 39.723787 -105.081539
39.723787 -105.081539 39.724143 -105.081518
39.725387 -105.075539 39.725287 -105.075539
39.725287 -105.075539 39.725387 -105.075539
39.725580 -105.064975 39.725587 -105.063839
39.725873 -105.062696 39.725637 -105.062675
39.725848 -105.063902 39.725587 -105.063839
39.725587 -105.063839 39.725580 -105.064975
39.725587 -105.063839 39.725848 -105.063902
39.725637 -105.062675 39.725873 -105.062696
39.661976 -105.109520 39.662803 -105.109561
39.661387 -105.095440 39.662687 -105.095440
39.662687 -105.095440 39.661387 -105.095440
39.609859 -105.065360 39.609847 -105.059547
39.609847 -105.059547 39.609859 -105.065360
39.682887 -105.159542 39.683042 -105.159209
39.674827 -105.165086 39.673023 -105.169473
39.646160 -105.193001 39.643487 -105.193244
39.643487 -105.193244 39.646160 -105.193001
39.153225 -106.296941 39.152562 -106.301234
39.152562 -106.301234 39.153225 -106.296941
37.327704 -108.174468 37.326651 -108.173408
37.326651 -108.173408 37.327704 -108.174468
40.638697 -104.999847 40.653250 -104.999800
40.843433 -105.334644 40.842869 -105.332996
40.842869 -105.332996 40.843433 -105.334644
40.791147 -105.287630 40.791285 -105.295668
40.791285 -105.295668 40.791147 -105.287630
40.752363 -105.170824 40.751840 -105.170729
40.751840 -105.170729 40.752363 -105.170824
40.688904 -105.492155 40.690954 -105.494624
40.690954 -105.494624 40.688904 -105.492155
40.707599 -105.133761 40.706992 -105.134752
40.706992 -105.134752 40.707599 -105.133761
40.690485 -105.113234 40.688745 -105.113237
40.653930 -105.072796 40.653763 -105.072858
40.653373 -105.019376 40.650329 -105.019378
40.653401 -105.035511 40.652299 -105.035538
40.653274 -105.002251 40.638789 -105.002264
40.650329 -105.019378 40.653373 -105.019376
40.653763 -105.072858 40.653930 -105.072796
40.638789 -105.002264 40.653274 -105.002251
40.688745 -105.113237 40.690485 -105.113234
40.652299 -105.035538 40.653401 -105.035511
40.653264 -105.001273 40.638788 -105.001366
40.638788 -105.001366 40.653264 -105.001273
40.638788 -105.000605 40.653258 -105.000540
40.653258 -105.000540 40.638788 -105.000605
40.476276 -105.362728 40.481857 -105.357339
40.481857 -105.357339 40.476276 -105.362728
40.414327 -105.253467 40.414451 -105.252166
40.414451 -105.252166 40.414327 -105.253467
40.349359 -104.980293 40.341101 -104.979485
40.349252 -104.946076 40.349221 -104.943777
40.653250 -104.999800 40.638697 -104.999847
40.638872 -104.943825 40.644561 -104.943650
40.644561 -104.943650 40.638872 -104.943825
40.316365 -105.278501 40.317524 -105.279160
40.305384 -105.055135 40.305340 -105.051471
40.276384 -105.055136 40.276584 -105.036735
40.317524 -105.279160 40.316365 -105.278501
37.586977 -104.040551 37.568131 -104.055616
37.568131 -104.055616 37.586977 -104.040551
38.982295 -103.701901 38.978036 -103.701868
38.978036 -103.701868 38.982295 -103.701901
38.852113 -103.757045 38.852111 -103.749815
38.750710 -103.774397 38.750565 -103.755839
38.750565 -103.755839 38.750710 -103.774397
38.852111 -103.749815 38.852113 -103.757045
38.736187 -103.774403 38.721699 -103.773301
38.721699 -103.773301 38.736187 -103.774403
38.640926 -103.761354 38.637630 -103.761590
38.637630 -103.761590 38.640926 -103.761354
38.578890 -103.758714 38.578845 -103.744419
38.578845 -103.744419 38.578890 -103.758714
39.272272 -103.677261 39.280174 -103.677276
39.280174 -103.677276 39.272272 -103.677261
39.269114 -103.677232 39.268450 -103.676261
39.262089 -103.677263 39.262125 -103.675212
39.262125 -103.675212 39.262089 -103.677263
39.253301 -103.677087 39.244160 -103.651099
39.268450 -103.676261 39.269114 -103.677232
39.244160 -103.651099 39.253301 -103.677087
39.127133 -103.665442 39.127203 -103.678134
39.127203 -103.678134 39.127133 -103.665442
39.156335 -103.677895 39.156085 -103.659918
39.156085 -103.659918 39.156335 -103.677895
39.084384 -103.703420 39.084130 -103.685541
39.084130 -103.685541 39.084384 -103.703420
40.467223 -103.378236 40.466442 -103.378618
40.466442 -103.378618 40.467223 -103.378236
40.450145 -103.350337 40.460304 -103.350526
40.460304 -103.350526 40.450145 -103.350337
39.292134 -107.723464 39.292065 -107.723699
39.292065 -107.723699 39.292134 -107.723464
39.275158 -107.515874 39.275308 -107.499999
39.275308 -107.499999 39.275158 -107.515874
39.225523 -107.628624 39.215266 -107.623846
39.215266 -107.623846 39.225523 -107.628624
38.542910 -108.771380 38.543486 -108.772735
38.543486 -108.772735 38.542910 -108.771380
39.032536 -108.058643 39.033984 -108.062517
39.033984 -108.062517 39.032536 -108.058643
39.019235 -108.484026 39.019273 -108.484109
39.019273 -108.484109 39.019235 -108.484026
39.034019 -108.459725 39.032852 -108.459755
39.032852 -108.459755 39.034019 -108.459725
37.526869 -106.770189 37.527383 -106.770249
37.819509 -106.885450 37.811753 -106.876202
37.811753 -106.876202 37.819509 -106.885450
37.527383 -106.770249 37.526869 -106.770189
37.600616 -108.112379 37.593659 -108.121326
37.593659 -108.121326 37.600616 -108.112379
38.414371 -107.526738 38.404964 -107.513078
38.404964 -107.513078 38.414371 -107.526738
38.442032 -108.844722 38.452668 -108.860985
38.452668 -108.860985 38.442032 -108.844722
38.359934 -108.376079 38.365338 -108.402895
38.365338 -108.402895 38.359934 -108.376079
38.268276 -108.400304 38.270019 -108.397332
38.270019 -108.397332 38.268276 -108.400304
38.178149 -108.297576 38.174282 -108.297490
38.174282 -108.297490 38.178149 -108.297576
38.159528 -108.325540 38.159276 -108.325279
38.159276 -108.325279 38.159528 -108.325540
40.493589 -103.638854 40.493254 -103.657885
40.493254 -103.657885 40.493589 -103.638854
40.493254 -103.657885 40.507745 -103.658181
40.507745 -103.658181 40.493254 -103.657885
40.479478 -103.600392 40.464880 -103.600115
40.465525 -103.561562 40.465273 -103.581093
40.465273 -103.581093 40.465525 -103.561562
40.464880 -103.600115 40.479478 -103.600392
40.436125 -103.560695 40.436113 -103.570112
40.436113 -103.570112 40.436125 -103.560695
40.344552 -103.560279 40.342015 -103.565107
40.342015 -103.565107 40.344552 -103.560279
38.068772 -103.674454 38.068658 -103.678131
38.068658 -103.678131 38.068772 -103.674454
38.054156 -103.634683 38.054112 -103.637462
38.054112 -103.637462 38.054156 -103.634683
38.027320 -103.629169 38.027278 -103.629125
38.027278 -103.629125 38.027320 -103.629169
37.990751 -103.532248 37.990379 -103.532325
37.990379 -103.532325 37.990751 -103.532248
37.803313 -103.496411 37.784076 -103.485756
37.784076 -103.485756 37.803313 -103.496411
38.018446 -107.667582 38.017681 -107.668718
38.017681 -107.668718 38.018446 -107.667582
38.112996 -102.618319 38.113865 -102.618324
38.092007 -102.519689 38.092584 -102.519686
38.092584 -102.519686 38.092007 -102.519689
38.113865 -102.618324 38.112996 -102.618319
38.114525 -102.412223 38.105175 -102.411618
38.105175 -102.411618 38.114525 -102.412223
38.100982 -102.310968 38.100411 -102.310881
38.100411 -102.310881 38.100982 -102.310968
38.053705 -102.246954 38.055544 -102.231945
38.058215 -102.137104 38.057824 -102.137095
38.057824 -102.137095 38.058215 -102.137104
38.055544 -102.231945 38.053705 -102.246954
38.055270 -102.155592 38.055085 -102.154048
38.055085 -102.154048 38.055270 -102.155592
38.086065 -102.044959 38.047864 -102.044884
38.078895 -102.118579 38.071667 -102.118603
38.071667 -102.118603 38.078895 -102.118579
38.047864 -102.044884 38.086065 -102.044959
37.974359 -104.564361 37.971451 -104.566327
37.971451 -104.566327 37.974359 -104.564361
38.311950 -104.599017 38.308902 -104.598729
38.308902 -104.598729 38.311950 -104.599017
38.447423 -104.598887 38.447441 -104.596857
38.447441 -104.596857 38.447423 -104.598887
38.359732 -104.867052 38.356237 -104.846671
38.356237 -104.846671 38.359732 -104.867052
38.334853 -104.479437 38.348236 -104.488932
38.348236 -104.488932 38.334853 -104.479437
38.226606 -104.262239 38.225562 -104.261376
38.248013 -104.254617 38.247912 -104.253445
38.247912 -104.253445 38.248013 -104.254617
38.225562 -104.261376 38.226606 -104.262239
38.067626 -104.452273 38.053548 -104.450476
38.066092 -104.420798 38.064054 -104.419264
38.064054 -104.419264 38.066092 -104.420798
38.053548 -104.450476 38.067626 -104.452273
39.971892 -107.624729 39.972149 -107.624681
39.972149 -107.624681 39.971892 -107.624729
40.101259 -108.851974 40.100367 -108.848965
40.100367 -108.848965 40.101259 -108.851974
40.087809 -108.776738 40.088084 -108.775403
40.088084 -108.775403 40.087809 -108.776738
40.076133 -106.937436 40.075904 -106.904183
40.489465 -106.840282 40.488779 -106.839083
40.488779 -106.839083 40.489465 -106.840282
40.398714 -106.844998 40.398584 -106.844970
40.384146 -106.825546 40.375299 -106.825164
40.398584 -106.844970 40.398714 -106.844998
40.375299 -106.825164 40.384146 -106.825546
40.110351 -106.886142 40.103325 -106.880606
40.103325 -106.880606 40.110351 -106.886142
40.075904 -106.904183 40.076133 -106.937436
38.407185 -106.415366 38.402490 -106.401116
38.402490 -106.401116 38.407185 -106.415366
38.236825 -106.647528 38.232793 -106.635315
38.232793 -106.635315 38.236825 -106.647528
38.182813 -106.646136 38.182263 -106.644339
38.182263 -106.644339 38.182813 -106.646136
37.817999 -107.650914 37.821616 -107.643933
37.821616 -107.643933 37.817999 -107.650914
37.863668 -107.871554 37.861541 -107.869878
37.861541 -107.869878 37.863668 -107.871554
37.981041 -108.346403 37.980612 -108.341287
37.980612 -108.341287 37.981041 -108.346403
38.145390 -108.320729 38.145372 -108.321874
38.145372 -108.321874 38.145390 -108.320729
39.705257 -106.112283 39.713761 -106.116616
39.713761 -106.116616 39.705257 -106.112283
39.507412 -106.142376 39.506473 -106.141757
39.506473 -106.141757 39.507412 -106.142376
39.566073 -106.052755 39.562629 -106.051674
39.562629 -106.051674 39.566073 -106.052755
38.999991 -105.237911 38.999409 -105.235590
39.021536 -105.068792 39.025183 -105.074080
39.025183 -105.074080 39.021536 -105.068792
39.006864 -105.045411 39.008711 -105.045958
39.008711 -105.045958 39.006864 -105.045411
38.935539 -105.185376 38.936086 -105.182846
38.936086 -105.182846 38.935539 -105.185376
38.999409 -105.235590 38.999991 -105.237911
39.011093 -105.050185 39.010541 -105.049306
39.010541 -105.049306 39.011093 -105.050185
38.822154 -105.259147 38.821513 -105.259118
38.821513 -105.259118 38.822154 -105.259147
39.902732 -102.801972 39.888275 -102.801647
39.888275 -102.801647 39.902732 -102.801972
39.859663 -103.010330 39.845021 -103.010253
40.422007 -103.426742 40.421920 -103.423540
40.421920 -103.423540 40.422007 -103.426742
40.361892 -103.423759 40.360542 -103.426092
40.360542 -103.426092 40.361892 -103.423759
40.293210 -103.304601 40.292910 -103.286257
40.292910 -103.286257 40.293210 -103.304601
40.263536 -103.322763 40.263760 -103.305730
40.263760 -103.305730 40.263536 -103.322763
40.205887 -103.284053 40.208812 -103.284045
40.208812 -103.284045 40.205887 -103.284053
40.163419 -103.266031 40.162183 -103.263378
40.162183 -103.263378 40.163419 -103.266031
40.147799 -103.283930 40.147724 -103.265177
40.147724 -103.265177 40.147799 -103.283930
40.001541 -103.358990 40.001513 -103.371392
40.001513 -103.371392 40.001541 -103.358990
40.001868 -103.105533 39.998666 -103.105224
39.914323 -103.328090 39.913650 -103.365622
39.913650 -103.365622 39.914323 -103.328090
39.988681 -103.199622 39.985538 -103.199520
39.915877 -103.216905 39.944741 -103.217566
39.944741 -103.217566 39.915877 -103.216905
39.985538 -103.199520 39.988681 -103.199622
39.947109 -103.048668 39.946768 -103.056559
39.946768 -103.056559 39.947109 -103.048668
39.932674 -103.048850 39.932314 -103.060672
39.932314 -103.060672 39.932674 -103.048850
39.888243 -103.068747 39.888059 -103.087229
39.888702 -103.048206 39.873768 -103.047938
39.888059 -103.087229 39.888243 -103.068747
39.998666 -103.105224 40.001868 -103.105533
39.842222 -103.536048 39.797260 -103.536690
39.798197 -103.593051 39.793163 -103.593109
39.797260 -103.536690 39.842222 -103.536048
39.793163 -103.593109 39.798197 -103.593051
39.870114 -103.422198 39.870044 -103.417477
39.870044 -103.417477 39.870114 -103.422198
39.873768 -103.047938 39.888702 -103.048206
39.845021 -103.010253 39.859663 -103.010330
39.739904 -103.690078 39.739917 -103.684994
39.739917 -103.684994 39.739904 -103.690078
40.947946 -103.764179 40.947632 -103.784033
40.947632 -103.784033 40.947946 -103.764179
40.043906 -105.045077 40.043984 -105.045937
40.625453 -103.772379 40.625428 -103.769033
40.625428 -103.769033 40.625453 -103.772379
40.582291 -103.791460 40.581782 -103.772075
40.581782 -103.772075 40.582291 -103.791460
40.609701 -103.696077 40.609960 -103.710059
40.609960 -103.710059 40.609701 -103.696077
40.479095 -104.470162 40.479304 -104.450886
40.479304 -104.450886 40.479095 -104.470162
40.494544 -104.452007 40.486942 -104.475051
40.363644 -104.926812 40.363541 -104.922690
40.363541 -104.922690 40.363644 -104.926812
40.335917 -104.998945 40.335574 -104.998943
40.335536 -104.980643 40.335514 -104.979746
40.335536 -104.980643 40.335401 -104.980649
40.335514 -104.979746 40.335536 -104.980643
40.334925 -104.923946 40.335056 -104.926305
40.335056 -104.926305 40.334925 -104.923946
40.327346 -104.906366 40.320207 -104.906190
40.320207 -104.906190 40.327346 -104.906366
40.305607 -104.905839 40.305348 -104.886530
40.305348 -104.886530 40.305607 -104.905839
40.305348 -104.886530 40.290908 -104.886332
40.290908 -104.886332 40.305348 -104.886530
40.349021 -104.924152 40.349123 -104.936077
40.335401 -104.980649 40.335536 -104.980643
40.349221 -104.943777 40.349252 -104.946076
40.341101 -104.979485 40.349359 -104.980293
40.333316 -104.923950 40.333856 -104.923949
40.349123 -104.936077 40.349021 -104.924152
40.335574 -104.998943 40.335917 -104.998945
40.486942 -104.475051 40.494544 -104.452007
40.325814 -104.415617 40.324578 -104.413255
40.324578 -104.413255 40.325814 -104.415617
40.203684 -105.047136 40.203784 -105.036435
40.138809 -104.998799 40.138834 -105.003689
40.138834 -105.003689 40.138809 -104.998799
40.225117 -104.849002 40.225147 -104.850186
40.225147 -104.850186 40.225117 -104.849002
40.206676 -104.824727 40.206669 -104.824950
40.188620 -104.820218 40.188792 -104.827791
40.188792 -104.827791 40.188620 -104.820218
40.174090 -104.816756 40.172579 -104.816428
40.166949 -104.820663 40.166947 -104.820319
40.172579 -104.816428 40.174090 -104.816756
40.166947 -104.820319 40.166949 -104.820663
40.152141 -104.836230 40.152634 -104.832893
40.152634 -104.832893 40.152141 -104.836230
40.145407 -104.772770 40.145401 -104.757749
40.206669 -104.824950 40.206676 -104.824727
40.145401 -104.757749 40.145407 -104.772770
40.145963 -104.678390 40.131569 -104.678332
40.145589 -104.731768 40.130983 -104.718230
40.131569 -104.678332 40.145963 -104.678390
40.131004 -104.715720 40.141281 -104.715823
40.141281 -104.715823 40.131004 -104.715720
40.130983 -104.718230 40.145589 -104.731768
40.203488 -104.602650 40.170764 -104.602780
40.145848 -104.622872 40.145725 -104.612219
40.145725 -104.612219 40.145848 -104.622872
40.170764 -104.602780 40.203488 -104.602650
40.116324 -104.829928 40.116279 -104.827542
40.116279 -104.827542 40.116324 -104.829928
40.094561 -104.823426 40.094542 -104.828663
40.094542 -104.828663 40.094561 -104.823426
40.080007 -104.819611 40.079990 -104.821514
40.079990 -104.821514 40.080007 -104.819611
40.043883 -104.819927 40.043883 -104.820327
40.333856 -104.923949 40.333316 -104.923950
40.486558 -104.940097 40.486605 -104.926561
40.486605 -104.926561 40.486558 -104.940097
40.479405 -104.926481 40.479387 -104.927732
40.435598 -104.925041 40.435547 -104.927010
40.406766 -104.926353 40.406702 -104.907265
40.421806 -104.925745 40.421534 -104.925793
40.421534 -104.925793 40.421806 -104.925745
40.406702 -104.907265 40.406766 -104.926353
40.377902 -104.926530 40.377870 -104.923698
40.377870 -104.923698 40.377902 -104.926530
40.869953 -104.575675 40.869742 -104.600874
40.869742 -104.600874 40.869953 -104.575675
40.769077 -104.504988 40.768925 -104.524220
40.768925 -104.524220 40.769077 -104.504988
40.682486 -104.924112 40.670841 -104.924284
40.654376 -104.886891 40.639937 -104.888044
40.639937 -104.888044 40.654376 -104.886891
40.670841 -104.924284 40.682486 -104.924112
40.639993 -104.811223 40.639934 -104.823600
40.639934 -104.823600 40.639993 -104.811223
40.639506 -104.392623 40.639475 -104.405998
40.639475 -104.405998 40.639506 -104.392623
40.523044 -104.908012 40.520306 -104.907990
40.522910 -104.926964 40.519288 -104.926923
40.519288 -104.926923 40.522910 -104.926964
40.435547 -104.927010 40.435598 -104.925041
40.596016 -104.850669 40.596014 -104.855940
40.596014 -104.855940 40.596016 -104.850669
40.581462 -104.850481 40.581462 -104.850622
40.581462 -104.850622 40.581462 -104.850481
40.552347 -104.869814 40.546063 -104.869756
40.552355 -104.850824 40.552360 -104.850613
40.552355 -104.850824 40.551737 -104.850910
40.552360 -104.850613 40.552355 -104.850824
40.546063 -104.869756 40.552347 -104.869814
40.522979 -104.451413 40.522992 -104.437372
40.522992 -104.437372 40.522979 -104.451413
40.338383 -105.018434 40.338261 -105.018741
40.320283 -105.036835 40.320483 -105.017734
40.320283 -105.036835 40.305850 -105.036804
40.320483 -105.017734 40.320283 -105.036835
40.305340 -105.051471 40.305384 -105.055135
40.338261 -105.018741 40.338383 -105.018434
40.305850 -105.036804 40.320283 -105.036835
40.276584 -105.036735 40.276384 -105.055136
40.192595 -105.054860 40.189184 -105.054936
40.203784 -105.036435 40.203684 -105.047136
40.171384 -105.042736 40.174984 -105.026835
40.160584 -105.036847 40.160791 -105.030578
40.160791 -105.030578 40.160584 -105.036847
40.174984 -105.026835 40.171384 -105.042736
40.109684 -105.032136 40.109684 -105.028236
40.109684 -105.028236 40.109684 -105.032136
40.061845 -105.036847 40.058184 -105.037136
40.043984 -105.045937 40.043906 -105.045077
40.087384 -105.018135 40.087384 -105.017635
40.072984 -105.020696 40.072984 -105.017835
40.087384 -105.017635 40.087384 -105.018135
40.072984 -105.017835 40.072984 -105.020696
40.058184 -105.037136 40.061845 -105.036847
40.000416 -105.052842 40.000084 -105.052737
40.043883 -104.820327 40.043883 -104.819927
40.029483 -104.818027 40.029483 -104.825548
40.029483 -104.825548 40.029483 -104.818027
40.520306 -104.907990 40.523044 -104.908012
40.479387 -104.927732 40.479405 -104.926481
40.566948 -104.846861 40.566974 -104.840570
40.551737 -104.850910 40.552355 -104.850824
40.566974 -104.840570 40.566948 -104.846861
39.900759 -102.082336 39.847794 -102.071595
39.865437 -102.707485 39.845147 -102.707184
39.845147 -102.707184 39.865437 -102.707485
39.831001 -102.614247 39.860371 -102.614386
39.860371 -102.614386 39.831001 -102.614247
39.860835 -102.465932 39.846173 -102.465453
39.846173 -102.465453 39.860835 -102.465932
39.846298 -102.372136 39.831958 -102.371858
39.831958 -102.371858 39.846298 -102.372136
39.774712 -102.257697 39.760211 -102.256523
39.760211 -102.256523 39.774712 -102.257697
39.830162 -102.175955 39.804021 -102.165286
39.804021 -102.165286 39.830162 -102.175955
39.847794 -102.071595 39.900759 -102.082336
39.746195 -102.293533 39.757527 -102.295685
39.757527 -102.295685 39.746195 -102.293533
39.857933 -102.011984 39.843390 -102.012115
39.857918 -102.030737 39.843352 -102.030863
39.843390 -102.012115 39.857933 -102.011984
39.843352 -102.030863 39.857918 -102.030737
