29.873501 -82.386247 29.870297 -82.386875
29.718043 -82.495633 29.728643 -82.496025
29.870297 -82.386875 29.873501 -82.386247
29.864367 -82.343359 29.858530 -82.346097
29.858530 -82.346097 29.864367 -82.343359
29.797493 -82.296140 29.797345 -82.291317
29.753395 -82.336622 29.760061 -82.336253
29.760061 -82.336253 29.753395 -82.336622
29.752083 -82.355900 29.756185 -82.356769
29.756185 -82.356769 29.752083 -82.355900
29.797345 -82.291317 29.797493 -82.296140
29.838446 -82.219950 29.845319 -82.219642
29.845319 -82.219642 29.838446 -82.219950
29.835218 -82.166506 29.839541 -82.163243
29.839541 -82.163243 29.835218 -82.166506
29.776394 -82.129760 29.771651 -82.129815
29.771651 -82.129815 29.776394 -82.129760
29.698254 -82.557216 29.697962 -82.547080
29.697962 -82.547080 29.698254 -82.557216
29.672054 -82.523442 29.668318 -82.523496
29.668318 -82.523496 29.672054 -82.523442
29.653992 -82.515104 29.654000 -82.514050
29.654000 -82.514050 29.653992 -82.515104
29.639557 -82.523637 29.639542 -82.521573
29.712700 -82.547198 29.712726 -82.550431
29.712726 -82.550431 29.712700 -82.547198
29.580144 -82.639647 29.574759 -82.639694
29.610517 -82.523677 29.606781 -82.523625
29.606781 -82.523625 29.610517 -82.523677
29.577358 -82.548594 29.569318 -82.542303
29.569318 -82.542303 29.577358 -82.548594
29.555901 -82.391007 29.555764 -82.391063
29.555764 -82.391063 29.555901 -82.391007
29.496897 -82.294929 29.496736 -82.295453
29.496897 -82.294929 29.494123 -82.293723
29.496736 -82.295453 29.496897 -82.294929
29.494123 -82.293723 29.496897 -82.294929
29.447589 -82.108458 29.441852 -82.108881
29.441852 -82.108881 29.447589 -82.108458
29.753139 -82.493386 29.751004 -82.490863
29.751004 -82.490863 29.753139 -82.493386
29.728643 -82.496025 29.718043 -82.495633
29.764003 -82.407815 29.762979 -82.408327
29.762979 -82.408327 29.764003 -82.407815
29.759107 -82.402038 29.756203 -82.399578
29.756203 -82.399578 29.759107 -82.402038
29.630944 -82.472430 29.624964 -82.472590
29.624964 -82.472590 29.630944 -82.472430
29.587196 -82.443574 29.585370 -82.447027
29.585370 -82.447027 29.587196 -82.443574
29.639542 -82.521573 29.639557 -82.523637
29.574759 -82.639694 29.580144 -82.639647
30.251513 -82.444705 30.248455 -82.440274
30.251513 -82.444705 30.248098 -82.457550
30.248455 -82.440274 30.251513 -82.444705
30.248098 -82.457550 30.251513 -82.444705
30.247999 -82.319019 30.247037 -82.319045
30.247037 -82.319045 30.247999 -82.319019
30.238811 -82.303577 30.238146 -82.305266
30.238146 -82.305266 30.238811 -82.303577
30.185107 -82.265038 30.180615 -82.266306
30.180615 -82.266306 30.185107 -82.265038
30.164274 -82.262409 30.162642 -82.243194
30.162642 -82.243194 30.164274 -82.262409
30.389448 -85.543924 30.389127 -85.545405
30.389127 -85.545405 30.389448 -85.543924
30.379342 -85.572788 30.383091 -85.574550
30.383091 -85.574550 30.379342 -85.572788
30.333380 -85.858403 30.332990 -85.858376
30.332990 -85.858376 30.333380 -85.858403
30.373512 -85.676617 30.373454 -85.676587
30.373454 -85.676587 30.373512 -85.676617
30.293620 -85.540217 30.293070 -85.540243
30.293070 -85.540243 30.293620 -85.540217
30.262706 -85.472347 30.262706 -85.471069
30.298390 -85.486920 30.299502 -85.485379
30.299502 -85.485379 30.298390 -85.486920
30.262706 -85.471069 30.262706 -85.472347
30.242710 -85.465105 30.242573 -85.465422
30.242573 -85.465422 30.242710 -85.465105
30.242552 -85.435835 30.241864 -85.439847
30.241864 -85.439847 30.242552 -85.435835
30.223344 -85.407998 30.223229 -85.408895
30.223229 -85.408895 30.223344 -85.407998
30.203681 -85.401989 30.203538 -85.389617
30.203538 -85.389617 30.203681 -85.401989
30.185141 -85.399570 30.184958 -85.398568
30.140434 -85.403701 30.140915 -85.407207
30.140915 -85.407207 30.140434 -85.403701
30.184958 -85.398568 30.185141 -85.399570
30.055018 -85.570803 30.054215 -85.569753
30.054215 -85.569753 30.055018 -85.570803
29.917579 -82.389086 29.913407 -82.388272
29.913565 -82.378143 29.913407 -82.388272
29.913407 -82.388272 29.917579 -82.389086
29.913407 -82.388272 29.913565 -82.378143
29.966153 -82.048507 29.956825 -82.048403
29.956825 -82.048403 29.966153 -82.048507
29.955129 -82.065037 29.955491 -82.060891
29.955491 -82.060891 29.955129 -82.065037
29.938764 -82.068826 29.938764 -82.068563
29.938764 -82.068563 29.938764 -82.068826
29.887010 -82.056354 29.886482 -82.048462
29.886482 -82.048462 29.887010 -82.056354
29.814454 -82.064399 29.807257 -82.063978
29.807257 -82.063978 29.814454 -82.064399
27.827424 -80.559362 27.826973 -80.558954
27.824344 -80.607565 27.823490 -80.607202
27.823490 -80.607202 27.824344 -80.607565
27.826973 -80.558954 27.827424 -80.559362
27.856740 -80.491759 27.855685 -80.491437
27.855685 -80.491437 27.856740 -80.491759
28.189491 -80.706377 28.198522 -80.709059
28.078873 -80.707088 28.078868 -80.706082
28.078868 -80.706082 28.078873 -80.707088
28.332984 -80.610574 28.329785 -80.610674
28.329785 -80.610674 28.332984 -80.610574
28.179091 -80.672077 28.178691 -80.672077
28.178691 -80.672077 28.179091 -80.672077
28.204790 -80.661876 28.205090 -80.659976
28.205090 -80.659976 28.204790 -80.661876
28.182291 -80.652276 28.189782 -80.656300
28.189782 -80.656300 28.182291 -80.652276
28.208290 -80.638575 28.207890 -80.638375
28.207890 -80.638375 28.208290 -80.638575
28.198522 -80.709059 28.189491 -80.706377
28.049695 -80.549075 28.047455 -80.547998
28.047455 -80.547998 28.049695 -80.549075
26.156699 -80.766717 26.146127 -80.639768
26.146127 -80.639768 26.156699 -80.766717
26.010876 -80.510093 26.011143 -80.509924
26.011143 -80.509924 26.010876 -80.510093
26.271779 -80.297259 26.257759 -80.297246
26.258359 -80.282871 26.257859 -80.282871
26.257859 -80.282871 26.258359 -80.282871
26.248959 -80.269071 26.252359 -80.265971
26.240759 -80.269371 26.240559 -80.264971
26.240559 -80.264971 26.240759 -80.269371
26.252359 -80.265971 26.248959 -80.269071
26.232560 -80.268571 26.232960 -80.263471
26.232960 -80.263471 26.232560 -80.268571
26.230560 -80.253670 26.229760 -80.253570
26.229760 -80.253570 26.230560 -80.253670
26.230460 -80.221369 26.228131 -80.220394
26.228131 -80.220394 26.230460 -80.221369
26.230460 -80.204569 26.229260 -80.204469
26.229260 -80.204469 26.230460 -80.204569
26.244559 -80.194568 26.244559 -80.194448
26.244559 -80.194448 26.244559 -80.194568
26.255159 -80.186468 26.251359 -80.186368
26.234459 -80.194268 26.234045 -80.192061
26.176562 -80.448575 26.149688 -80.442690
26.149688 -80.442690 26.176562 -80.448575
26.064066 -80.291272 26.063991 -80.294327
26.063991 -80.294327 26.064066 -80.291272
26.064666 -80.287871 26.064638 -80.290610
26.064638 -80.290610 26.064666 -80.287871
26.043967 -80.312972 26.040267 -80.312772
26.040267 -80.312772 26.043967 -80.312972
26.029367 -80.313076 26.029367 -80.312772
26.029367 -80.312772 26.029367 -80.313076
26.007702 -80.320393 26.007568 -80.312572
26.044067 -80.306672 26.044167 -80.304872
26.044167 -80.304872 26.044067 -80.306672
26.044567 -80.303272 26.044167 -80.303272
26.044167 -80.303272 26.044567 -80.303272
26.007568 -80.312572 26.007702 -80.320393
26.178862 -80.235570 26.178853 -80.234976
26.178762 -80.229270 26.175362 -80.228770
26.194061 -80.217569 26.194161 -80.217069
26.207460 -80.204169 26.206461 -80.203069
26.194161 -80.217069 26.194061 -80.217569
26.175362 -80.228770 26.178762 -80.229270
26.181961 -80.219269 26.179018 -80.219543
26.179018 -80.219543 26.181961 -80.219269
26.164762 -80.223769 26.164562 -80.222269
26.164562 -80.222269 26.164762 -80.223769
26.206461 -80.203069 26.207460 -80.204169
26.200161 -80.203969 26.201041 -80.203969
26.201041 -80.203969 26.200161 -80.203969
26.150441 -80.219315 26.146163 -80.219269
26.146163 -80.219269 26.150441 -80.219315
26.146163 -80.219269 26.142163 -80.219169
26.142163 -80.219169 26.146163 -80.219269
26.135863 -80.222870 26.135863 -80.219570
26.120764 -80.219569 26.120764 -80.218333
26.120764 -80.218333 26.120764 -80.219569
26.135863 -80.219570 26.135863 -80.222870
26.093465 -80.265371 26.090165 -80.265271
26.090165 -80.265271 26.093465 -80.265371
26.090365 -80.262771 26.090365 -80.260871
26.090365 -80.260871 26.090365 -80.262771
26.100065 -80.253771 26.099265 -80.250270
26.099265 -80.250270 26.100065 -80.253771
26.099265 -80.250270 26.099465 -80.250270
26.099465 -80.250270 26.099265 -80.250270
26.099465 -80.250270 26.098065 -80.244270
26.098065 -80.244270 26.099465 -80.250270
26.090565 -80.253871 26.090620 -80.253261
26.090620 -80.253261 26.090565 -80.253871
26.105964 -80.221670 26.106058 -80.218178
26.106064 -80.217969 26.101236 -80.217576
26.106058 -80.218178 26.105964 -80.221670
26.101236 -80.217576 26.106064 -80.217969
26.088365 -80.201969 26.088065 -80.201969
26.088065 -80.201969 26.088365 -80.201969
26.070165 -80.166156 26.078661 -80.168240
26.078661 -80.168240 26.070165 -80.166156
26.087965 -80.171168 26.088465 -80.168968
26.088465 -80.168968 26.087965 -80.171168
26.078665 -80.168168 26.073265 -80.166768
26.073265 -80.166768 26.078665 -80.168168
26.063266 -80.143567 26.063166 -80.143467
26.063166 -80.143467 26.063266 -80.143567
26.059666 -80.144267 26.059266 -80.144267
26.059266 -80.144267 26.059666 -80.144267
25.957170 -80.430476 25.956970 -80.430476
25.956970 -80.430476 25.957170 -80.430476
25.968270 -80.351273 25.968134 -80.349494
25.968134 -80.349494 25.968270 -80.351273
25.978769 -80.345275 25.978769 -80.344073
25.978769 -80.344073 25.978769 -80.345275
25.989833 -80.328103 25.984260 -80.327800
25.971669 -80.262771 25.971269 -80.262771
25.971269 -80.262771 25.971669 -80.262771
25.971969 -80.246971 25.971869 -80.246971
25.971869 -80.246971 25.971969 -80.246971
26.251359 -80.186368 26.255159 -80.186468
26.255159 -80.185968 26.251359 -80.185968
26.251359 -80.185968 26.255159 -80.185968
26.318056 -80.125966 26.318056 -80.122166
26.318056 -80.122166 26.318056 -80.125966
26.318956 -80.116266 26.318155 -80.116280
26.318155 -80.116280 26.318956 -80.116266
26.322256 -80.098665 26.322656 -80.098365
26.322656 -80.098365 26.322256 -80.098665
26.322456 -80.091165 26.325856 -80.091165
26.325856 -80.091165 26.322456 -80.091165
26.281758 -80.169067 26.274158 -80.169068
26.274158 -80.169068 26.281758 -80.169067
26.274158 -80.174768 26.274158 -80.169311
26.274158 -80.169311 26.274158 -80.174768
26.297457 -80.152567 26.296757 -80.152467
26.296757 -80.152467 26.297457 -80.152567
26.304257 -80.129266 26.304357 -80.126666
26.291357 -80.136166 26.293157 -80.136166
26.293157 -80.136166 26.291357 -80.136166
26.259558 -80.178568 26.259658 -80.173668
26.259658 -80.173668 26.259558 -80.178568
26.304357 -80.126666 26.304257 -80.129266
26.314556 -80.083765 26.314356 -80.081365
26.314356 -80.081365 26.314556 -80.083765
26.305257 -80.077665 26.304257 -80.077765
26.304257 -80.077765 26.305257 -80.077665
26.178853 -80.234976 26.178862 -80.235570
25.984260 -80.327800 25.989833 -80.328103
26.234045 -80.192061 26.234459 -80.194268
26.099568 -80.281956 26.099730 -80.281961
26.257759 -80.297246 26.271779 -80.297259
26.099730 -80.281961 26.099568 -80.281956
30.443116 -85.041211 30.443120 -85.039521
30.443120 -85.039521 30.443116 -85.041211
30.553884 -85.215168 30.551341 -85.215432
30.551341 -85.215432 30.553884 -85.215168
30.550563 -85.187457 30.552652 -85.186837
30.552652 -85.186837 30.550563 -85.187457
30.577601 -85.051299 30.577532 -85.046956
30.577532 -85.046956 30.577601 -85.051299
30.544838 -85.061679 30.544792 -85.054585
30.544792 -85.054585 30.544838 -85.061679
30.533310 -85.028728 30.534581 -85.028472
30.534581 -85.028472 30.533310 -85.028728
27.025016 -82.044079 27.024635 -82.044405
27.017261 -81.959222 27.015240 -81.959222
27.015240 -81.959222 27.017261 -81.959222
27.024635 -82.044405 27.025016 -82.044079
26.810562 -81.926693 26.844976 -81.966997
26.810560 -81.925898 26.846329 -81.967573
26.844976 -81.966997 26.810562 -81.926693
26.989438 -81.760550 26.994677 -81.760521
26.994677 -81.760521 26.989438 -81.760550
26.945983 -81.761004 26.946160 -81.780646
26.946160 -81.780646 26.945983 -81.761004
26.868747 -81.999337 26.874828 -82.005984
26.874828 -82.005984 26.868747 -81.999337
26.858253 -81.978292 26.858276 -81.976758
26.858276 -81.976758 26.858253 -81.978292
26.846329 -81.967573 26.810560 -81.925898
26.994510 -82.199856 26.994260 -82.200420
26.994260 -82.200420 26.994510 -82.199856
26.887189 -82.023239 26.887753 -82.023262
26.887753 -82.023262 26.887189 -82.023239
26.884259 -82.021677 26.884190 -82.020578
26.884190 -82.020578 26.884259 -82.021677
26.874003 -82.006086 26.873200 -82.005141
26.873200 -82.005141 26.874003 -82.006086
26.769560 -81.760684 26.762702 -81.760751
29.005329 -82.573090 29.001707 -82.579112
29.001707 -82.579112 29.005329 -82.573090
29.045138 -82.465673 29.045829 -82.465055
29.045829 -82.465055 29.045138 -82.465673
28.977779 -82.639708 28.984237 -82.646450
28.984237 -82.646450 28.977779 -82.639708
28.970030 -82.635307 28.966162 -82.633605
28.966162 -82.633605 28.970030 -82.635307
28.827283 -82.319263 28.826986 -82.320120
28.826986 -82.320120 28.827283 -82.319263
28.987597 -82.350667 28.988563 -82.349662
28.988563 -82.349662 28.987597 -82.350667
28.843124 -82.328900 28.843124 -82.326452
28.823520 -82.316710 28.823413 -82.318354
28.823413 -82.318354 28.823520 -82.316710
28.810347 -82.295892 28.801865 -82.295213
28.801865 -82.295213 28.810347 -82.295892
28.784024 -82.298745 28.782970 -82.298074
28.782267 -82.293867 28.785041 -82.293658
28.785041 -82.293658 28.782267 -82.293867
28.833300 -82.323334 28.833268 -82.323663
28.725076 -82.360706 28.731897 -82.360764
28.731897 -82.360764 28.725076 -82.360706
28.843124 -82.326452 28.843124 -82.328900
28.833268 -82.323663 28.833300 -82.323334
28.782970 -82.298074 28.784024 -82.298745
28.695527 -82.552650 28.694635 -82.552655
28.694635 -82.552655 28.695527 -82.552650
28.699025 -82.380253 28.699175 -82.374518
28.699175 -82.374518 28.699025 -82.380253
28.739604 -82.267607 28.738972 -82.266172
28.738972 -82.266172 28.739604 -82.267607
29.999294 -82.030810 29.999202 -82.031389
29.999202 -82.031389 29.999294 -82.030810
29.998348 -82.010587 29.996147 -82.007928
29.998347 -82.006611 29.996147 -82.007928
29.996147 -82.007928 29.998348 -82.010587
29.996147 -82.007928 29.998347 -82.006611
29.971969 -82.016417 29.971204 -82.016463
29.971204 -82.016463 29.971969 -82.016417
29.959433 -82.024082 29.967999 -82.022068
29.967999 -82.022068 29.959433 -82.024082
30.087967 -81.945153 30.087533 -81.944771
30.087533 -81.944771 30.087967 -81.945153
30.066233 -81.973741 30.063299 -81.973740
30.063299 -81.973740 30.066233 -81.973741
29.981955 -81.997958 29.982014 -81.998761
29.982014 -81.998761 29.981955 -81.997958
29.977493 -81.630838 29.978626 -81.628758
29.978626 -81.628758 29.977493 -81.630838
30.114058 -81.868860 30.114096 -81.864725
30.114096 -81.864725 30.114058 -81.868860
30.073917 -81.864297 30.074482 -81.864114
30.074482 -81.864114 30.073917 -81.864297
30.074482 -81.864114 30.074169 -81.863549
30.074169 -81.863549 30.074482 -81.864114
30.079334 -81.809196 30.079875 -81.809428
30.079875 -81.809428 30.079334 -81.809196
30.069244 -81.707277 30.066200 -81.707476
30.066200 -81.707476 30.069244 -81.707277
29.972198 -82.016159 29.972333 -82.016061
29.972333 -82.016061 29.972198 -82.016159
25.863393 -81.100523 25.863436 -81.101005
25.863436 -81.101005 25.863393 -81.100523
26.442892 -81.433834 26.448313 -81.433914
26.448313 -81.433914 26.442892 -81.433834
26.309172 -81.743948 26.316887 -81.747172
26.316887 -81.747172 26.309172 -81.743948
26.303944 -81.797532 26.306247 -81.795930
26.306247 -81.795930 26.303944 -81.797532
30.512277 -82.697988 30.507362 -82.716185
30.507362 -82.716185 30.512277 -82.697988
30.326371 -82.762749 30.327474 -82.760653
30.327474 -82.760653 30.326371 -82.762749
30.267722 -82.748958 30.270559 -82.740287
30.270559 -82.740287 30.267722 -82.748958
30.251529 -82.514726 30.250231 -82.516233
30.250231 -82.516233 30.251529 -82.514726
30.245101 -82.674443 30.245078 -82.675763
30.245078 -82.675763 30.245101 -82.674443
30.209346 -82.636903 30.209784 -82.634841
30.209784 -82.634841 30.209346 -82.636903
30.209304 -82.649355 30.208769 -82.649064
30.203365 -82.637328 30.203989 -82.637344
30.203989 -82.637344 30.203365 -82.637328
30.126194 -82.660773 30.119874 -82.657035
30.167732 -82.664005 30.164721 -82.665929
30.234964 -82.702000 30.234970 -82.702806
30.234970 -82.702806 30.234964 -82.702000
30.168970 -82.676741 30.167633 -82.678088
30.208769 -82.649064 30.209304 -82.649355
30.164721 -82.665929 30.167732 -82.664005
30.207264 -82.675410 30.205706 -82.672113
30.205706 -82.672113 30.207264 -82.675410
30.243798 -82.570554 30.234013 -82.571160
30.234013 -82.571160 30.243798 -82.570554
30.074680 -82.755310 30.074627 -82.753070
30.044848 -82.785746 30.037652 -82.785827
30.037652 -82.785827 30.044848 -82.785746
30.036248 -82.760676 30.030451 -82.760600
30.030451 -82.760600 30.036248 -82.760676
30.074627 -82.753070 30.074680 -82.755310
30.119874 -82.657035 30.126194 -82.660773
30.115451 -82.660437 30.115451 -82.658615
30.067328 -82.710923 30.067327 -82.711655
30.115451 -82.658615 30.115451 -82.660437
30.167633 -82.678088 30.168970 -82.676741
30.180204 -82.686117 30.180172 -82.686513
30.180172 -82.686513 30.180204 -82.686117
30.067327 -82.711655 30.067328 -82.710923
27.267356 -81.997015 27.265134 -81.992061
27.265134 -81.992061 27.267356 -81.997015
27.340715 -81.565260 27.340720 -81.563736
27.340720 -81.563736 27.340715 -81.565260
27.200976 -81.972131 27.199905 -81.984255
27.199905 -81.984255 27.200976 -81.972131
27.209626 -81.562684 27.209328 -81.552540
29.796759 -82.928034 29.796615 -82.927548
29.796615 -82.927548 29.796759 -82.928034
29.590770 -82.963119 29.589010 -82.960907
29.583524 -82.981546 29.583525 -82.979209
29.561572 -82.980722 29.561573 -82.980402
29.561573 -82.980402 29.561572 -82.980722
29.589010 -82.960907 29.590770 -82.963119
29.583525 -82.979209 29.583524 -82.981546
30.196439 -81.764720 30.196339 -81.768220
30.436332 -81.866021 30.456437 -81.843427
30.456437 -81.843427 30.436332 -81.866021
30.407732 -81.819925 30.407269 -81.835096
30.407269 -81.835096 30.407732 -81.819925
30.333200 -81.835720 30.333188 -81.836320
30.464524 -81.793866 30.462632 -81.784115
30.462632 -81.784115 30.464524 -81.793866
30.437637 -81.775924 30.436437 -81.771624
30.436437 -81.771624 30.437637 -81.775924
30.317938 -81.815024 30.317009 -81.824855
30.317009 -81.824855 30.317938 -81.815024
30.314638 -81.791923 30.310151 -81.836125
30.310151 -81.836125 30.314638 -81.791923
30.520537 -81.634319 30.517137 -81.633919
30.517137 -81.633919 30.520537 -81.634319
30.325439 -81.666818 30.324439 -81.666118
30.324439 -81.666118 30.325439 -81.666818
30.314039 -81.663617 30.313939 -81.663217
30.324239 -81.658217 30.324139 -81.658317
30.324139 -81.658317 30.324239 -81.658217
30.313939 -81.663217 30.314039 -81.663617
30.312039 -81.624316 30.310739 -81.623315
30.310739 -81.623315 30.312039 -81.624316
30.327539 -81.604415 30.327539 -81.603915
30.327539 -81.603915 30.327539 -81.604415
30.360839 -81.552013 30.366462 -81.553452
30.416439 -81.422109 30.418639 -81.420309
30.418639 -81.420309 30.416439 -81.422109
30.302099 -81.824733 30.302072 -81.822616
30.302072 -81.822616 30.302099 -81.824733
30.276739 -81.827724 30.283915 -81.808619
30.283915 -81.808619 30.276739 -81.827724
30.247539 -81.798022 30.247539 -81.796922
30.247539 -81.796922 30.247539 -81.798022
30.225739 -81.772721 30.218539 -81.772520
30.218539 -81.772520 30.225739 -81.772721
30.204134 -81.755472 30.205768 -81.756387
30.219039 -81.736619 30.216589 -81.736755
30.216589 -81.736755 30.219039 -81.736619
30.196339 -81.768220 30.196439 -81.764720
30.247307 -81.591458 30.248740 -81.592613
30.234239 -81.698117 30.233839 -81.698117
30.233839 -81.698117 30.234239 -81.698117
30.225440 -81.615914 30.225240 -81.615814
30.225240 -81.615814 30.225440 -81.615914
30.234340 -81.605414 30.233140 -81.603313
30.233140 -81.603313 30.234340 -81.605414
30.248740 -81.592613 30.247307 -81.591458
30.237775 -81.595791 30.232040 -81.592148
30.232040 -81.592148 30.237775 -81.595791
30.233142 -81.552244 30.241591 -81.552336
30.366462 -81.553452 30.360839 -81.552013
30.205768 -81.756387 30.204134 -81.755472
30.241591 -81.552336 30.233142 -81.552244
30.333188 -81.836320 30.333200 -81.835720
30.769192 -87.388880 30.780974 -87.402130
30.780974 -87.402130 30.769192 -87.388880
30.773278 -87.339709 30.776257 -87.339073
30.776257 -87.339073 30.773278 -87.339709
30.733362 -87.434774 30.734389 -87.436588
30.734389 -87.436588 30.733362 -87.434774
30.543295 -87.197070 30.548394 -87.195370
30.548394 -87.195370 30.543295 -87.197070
30.506396 -87.162669 30.506596 -87.162369
30.506596 -87.162369 30.506396 -87.162669
29.471988 -81.144082 29.470109 -81.143389
29.454043 -81.166773 29.452029 -81.165497
29.407315 -81.197487 29.408309 -81.198986
29.397991 -81.211864 29.385223 -81.206836
29.385223 -81.206836 29.397991 -81.211864
29.452029 -81.165497 29.454043 -81.166773
29.408309 -81.198986 29.407315 -81.197487
29.404938 -81.155537 29.403881 -81.155001
29.470109 -81.143389 29.471988 -81.144082
29.305136 -81.318301 29.297594 -81.322539
29.297594 -81.322539 29.305136 -81.318301
29.438910 -81.108612 29.442500 -81.109692
29.442500 -81.109692 29.438910 -81.108612
30.470891 -84.633516 30.463792 -84.639311
30.463792 -84.639311 30.470891 -84.633516
30.701972 -84.856744 30.701409 -84.857967
30.701409 -84.857967 30.701972 -84.856744
30.583249 -84.881262 30.590401 -84.849910
30.590401 -84.849910 30.583249 -84.881262
30.485598 -84.422805 30.478498 -84.413905
30.478498 -84.413905 30.485598 -84.422805
30.595096 -84.366704 30.586497 -84.360104
30.586497 -84.360104 30.595096 -84.366704
29.888366 -82.800721 29.883920 -82.795147
29.883920 -82.795147 29.888366 -82.800721
29.865487 -82.859565 29.861958 -82.860378
29.865401 -82.846262 29.858756 -82.846145
29.861958 -82.860378 29.865487 -82.859565
29.858756 -82.846145 29.865401 -82.846262
29.693448 -82.886670 29.686363 -82.886570
29.686053 -82.924147 29.693180 -82.924173
29.693315 -82.907481 29.689717 -82.907403
29.693180 -82.924173 29.686053 -82.924147
29.689717 -82.907403 29.693315 -82.907481
29.686363 -82.886570 29.693448 -82.886670
29.713087 -82.752833 29.708230 -82.755185
29.704909 -82.848461 29.703029 -82.848446
29.693905 -82.857407 29.690400 -82.857431
29.703029 -82.848446 29.704909 -82.848461
29.690400 -82.857431 29.693905 -82.857407
29.708230 -82.755185 29.713087 -82.752833
29.627386 -82.727310 29.625621 -82.737617
29.625621 -82.737617 29.627386 -82.727310
29.651539 -82.710616 29.650265 -82.712108
29.650265 -82.712108 29.651539 -82.710616
29.564426 -82.672726 29.570797 -82.672962
29.570797 -82.672962 29.564426 -82.672726
27.147007 -80.873523 27.147739 -80.872389
27.147739 -80.872389 27.147007 -80.873523
26.796732 -81.426564 26.785611 -81.436096
26.796569 -81.442990 26.805306 -81.443020
26.805306 -81.443020 26.796569 -81.442990
26.785611 -81.436096 26.796732 -81.426564
26.833414 -81.088643 26.833468 -81.088977
26.833468 -81.088977 26.833414 -81.088643
29.993358 -85.327079 29.992235 -85.333554
29.992235 -85.333554 29.993358 -85.327079
29.991455 -85.333949 29.985108 -85.339765
29.985108 -85.339765 29.991455 -85.333949
29.991272 -85.333396 29.991524 -85.333659
29.991524 -85.333659 29.991272 -85.333396
29.880522 -85.222403 29.882285 -85.221389
29.882285 -85.221389 29.880522 -85.222403
30.407858 -82.933943 30.402199 -82.934128
30.402199 -82.934128 30.407858 -82.933943
30.329545 -82.745882 30.328537 -82.744006
30.328537 -82.744006 30.329545 -82.745882
30.595932 -83.258802 30.597384 -83.255730
30.597384 -83.255730 30.595932 -83.258802
30.417250 -83.175624 30.413641 -83.175798
30.413641 -83.175798 30.417250 -83.175624
30.482199 -83.243405 30.480795 -83.246779
30.465041 -83.046147 30.463942 -83.059767
30.463942 -83.059767 30.465041 -83.046147
27.485544 -82.037835 27.485523 -82.041743
27.485523 -82.041743 27.485544 -82.037835
27.492928 -81.596883 27.497345 -81.600422
27.497345 -81.600422 27.492928 -81.596883
27.440780 -81.613032 27.437402 -81.606325
27.426639 -81.583319 27.423754 -81.582358
27.423754 -81.582358 27.426639 -81.583319
27.437402 -81.606325 27.440780 -81.613032
27.595086 -82.036060 27.595225 -82.047595
27.595225 -82.047595 27.595086 -82.036060
26.330911 -80.882260 26.330520 -80.881812
26.330520 -80.881812 26.330911 -80.882260
26.754372 -80.918255 26.754360 -80.918527
26.754360 -80.918527 26.754372 -80.918255
26.740031 -80.922472 26.739916 -80.919992
26.739916 -80.919992 26.740031 -80.922472
26.588726 -80.982693 26.589344 -80.982712
26.589344 -80.982712 26.588726 -80.982693
26.587804 -81.127041 26.602631 -81.127189
26.602631 -81.127189 26.587804 -81.127041
28.669100 -82.426401 28.665295 -82.426219
28.665295 -82.426219 28.669100 -82.426401
28.648790 -82.427416 28.640700 -82.431548
28.640700 -82.431548 28.648790 -82.427416
28.640700 -82.431548 28.636688 -82.426040
28.636688 -82.426040 28.640700 -82.431548
28.644804 -82.257657 28.645375 -82.259318
28.645375 -82.259318 28.644804 -82.257657
28.621602 -82.446697 28.621625 -82.442489
28.621625 -82.442489 28.621602 -82.446697
28.618094 -82.459036 28.618015 -82.461483
28.618015 -82.461483 28.618094 -82.459036
28.619471 -82.492943 28.654258 -82.490590
28.519169 -82.208910 28.519398 -82.209679
28.519398 -82.209679 28.519169 -82.208910
28.654258 -82.490590 28.619471 -82.492943
28.476658 -82.253498 28.463772 -82.253437
28.463772 -82.253437 28.476658 -82.253498
28.449364 -82.276985 28.449431 -82.270033
28.449431 -82.270033 28.449364 -82.276985
27.645072 -81.485960 27.640992 -81.485871
27.642501 -81.494379 27.641907 -81.494737
27.640992 -81.485871 27.645072 -81.485960
27.641907 -81.494737 27.642501 -81.494379
27.624730 -81.514750 27.628220 -81.515208
27.628220 -81.515208 27.624730 -81.514750
27.617372 -81.522424 27.617386 -81.519047
27.617386 -81.519047 27.617372 -81.522424
27.613750 -81.522528 27.613752 -81.521994
27.613752 -81.521994 27.613750 -81.522528
27.610012 -81.522504 27.609976 -81.516500
27.609976 -81.516500 27.610012 -81.522504
27.602812 -81.522583 27.602778 -81.518283
27.602778 -81.518283 27.602812 -81.522583
27.595543 -81.522560 27.595519 -81.520424
27.595519 -81.520424 27.595543 -81.522560
27.209328 -81.552540 27.209626 -81.562684
28.036798 -82.056606 28.036874 -82.058686
27.705065 -82.058832 27.705033 -82.063107
27.705033 -82.063107 27.705065 -82.058832
27.762611 -82.145538 27.763283 -82.145554
27.646687 -82.054356 27.648150 -82.053242
28.171338 -82.394294 28.110812 -82.425041
28.110812 -82.425041 28.171338 -82.394294
28.165201 -82.430356 28.167517 -82.430279
28.167517 -82.430279 28.165201 -82.430356
28.129437 -82.375180 28.126858 -82.374267
28.140963 -82.640332 28.140355 -82.636892
28.140355 -82.636892 28.140963 -82.640332
28.128560 -82.148000 28.129246 -82.148120
28.128560 -82.148000 28.127212 -82.154148
28.129246 -82.148120 28.128560 -82.148000
28.127212 -82.154148 28.128560 -82.148000
28.054263 -82.335413 28.054272 -82.334453
28.080200 -82.073662 28.080232 -82.073118
28.040618 -82.072430 28.040569 -82.067777
28.080232 -82.073118 28.080200 -82.073662
28.040569 -82.067777 28.040618 -82.072430
28.036575 -82.072302 28.036573 -82.068165
27.983588 -82.104527 27.989059 -82.104595
27.989059 -82.104595 27.983588 -82.104527
27.997277 -82.093336 27.995532 -82.091296
27.995532 -82.091296 27.997277 -82.093336
28.025223 -82.068162 28.024515 -82.072309
28.024515 -82.072309 28.025223 -82.068162
28.036573 -82.068165 28.036575 -82.072302
28.036874 -82.058686 28.036798 -82.056606
27.989061 -82.121451 27.987226 -82.121450
27.962598 -82.546718 27.961302 -82.545998
27.974598 -82.538418 27.972398 -82.538718
27.967786 -82.521866 27.967130 -82.522762
27.967130 -82.522762 27.967786 -82.521866
27.972398 -82.538718 27.974598 -82.538418
27.970998 -82.546818 27.969898 -82.546818
27.969898 -82.546818 27.970998 -82.546818
27.961302 -82.545998 27.962598 -82.546718
27.944999 -82.540218 27.943699 -82.543718
27.943699 -82.543718 27.944999 -82.540218
28.010897 -82.429916 28.022196 -82.434816
28.022196 -82.434816 28.010897 -82.429916
28.088229 -82.407271 28.089461 -82.406055
28.054495 -82.425915 28.054495 -82.416015
28.065594 -82.407515 28.065594 -82.411915
28.068994 -82.406815 28.069094 -82.409215
28.065594 -82.411915 28.065594 -82.407515
28.069094 -82.409215 28.068994 -82.406815
28.057995 -82.417815 28.057095 -82.413415
28.057095 -82.413415 28.057995 -82.417815
28.089461 -82.406055 28.088229 -82.407271
28.123300 -82.372757 28.123060 -82.372949
28.123060 -82.372949 28.123300 -82.372757
28.126858 -82.374267 28.129437 -82.375180
27.952599 -82.371515 27.952499 -82.375215
28.010897 -82.464616 28.010997 -82.465316
28.010997 -82.465316 28.010897 -82.464616
27.973998 -82.505617 27.966898 -82.505817
27.973998 -82.505617 27.974098 -82.501517
27.966898 -82.505817 27.973998 -82.505617
27.977498 -82.501517 27.981497 -82.501417
27.981497 -82.501417 27.977498 -82.501517
27.974098 -82.501517 27.973998 -82.505617
27.976898 -82.493217 27.976198 -82.493217
27.976198 -82.493217 27.976898 -82.493217
27.976198 -82.491117 27.976998 -82.491017
27.976998 -82.491017 27.976198 -82.491117
27.976998 -82.488917 27.976398 -82.488917
27.976398 -82.488917 27.976998 -82.488917
27.976398 -82.484817 27.973998 -82.484817
27.973998 -82.484817 27.976398 -82.484817
27.973998 -82.484817 27.973930 -82.483913
27.973930 -82.483913 27.973998 -82.484817
27.971098 -82.482817 27.973898 -82.482817
27.973898 -82.482817 27.971098 -82.482817
28.021096 -82.459416 28.020596 -82.459316
28.020596 -82.459316 28.021096 -82.459416
28.021796 -82.455516 28.022696 -82.455616
28.054495 -82.416015 28.054495 -82.425915
28.043495 -82.426015 28.043495 -82.425780
28.043495 -82.425780 28.043495 -82.426015
28.022696 -82.455616 28.021796 -82.455516
28.020096 -82.451216 28.019896 -82.451216
28.019896 -82.451216 28.020096 -82.451216
27.996097 -82.464516 27.996197 -82.465216
27.996197 -82.465216 27.996097 -82.464516
27.981798 -82.473617 27.981698 -82.474917
27.981698 -82.474917 27.981798 -82.473617
27.893300 -82.530218 27.893300 -82.530722
27.935000 -82.432316 27.937499 -82.434516
27.937499 -82.434516 27.935000 -82.432316
28.032696 -82.417815 28.032696 -82.418315
28.032696 -82.418315 28.032696 -82.417815
28.029096 -82.418412 28.029096 -82.417915
28.029096 -82.417915 28.029096 -82.418412
27.952499 -82.375215 27.952599 -82.371515
27.952399 -82.385315 27.950971 -82.385271
27.950283 -82.393399 27.950971 -82.385271
28.031976 -82.343590 28.031336 -82.342566
28.031336 -82.342566 28.031976 -82.343590
28.051271 -82.335461 28.053303 -82.331973
27.995514 -82.353062 27.995594 -82.354854
27.995594 -82.354854 27.995514 -82.353062
28.041800 -82.335525 28.039352 -82.339542
28.041800 -82.335525 28.043223 -82.335526
28.039352 -82.339542 28.041800 -82.335525
28.043223 -82.335526 28.041800 -82.335525
28.053303 -82.331973 28.051271 -82.335461
28.054272 -82.334453 28.054263 -82.335413
27.973354 -82.354985 27.973352 -82.360413
27.973352 -82.360413 27.973354 -82.354985
27.973352 -82.360413 27.970732 -82.360417
27.981798 -82.360015 27.981691 -82.356486
27.981691 -82.356486 27.981798 -82.360015
27.967099 -82.370914 27.966999 -82.368615
27.970732 -82.360417 27.973352 -82.360413
27.966999 -82.368615 27.967099 -82.370914
27.944499 -82.401615 27.945399 -82.401615
27.945399 -82.401615 27.944499 -82.401615
27.950971 -82.385271 27.952399 -82.385315
27.950971 -82.385271 27.950283 -82.393399
27.858367 -82.383447 27.856479 -82.383079
27.856479 -82.383079 27.858367 -82.383447
27.864351 -82.347142 27.858319 -82.347078
27.858319 -82.347078 27.864351 -82.347142
27.966924 -82.170402 27.963499 -82.170403
27.870798 -82.326566 27.871678 -82.326566
27.871678 -82.326566 27.870798 -82.326566
27.987226 -82.121450 27.989061 -82.121451
28.106558 -82.249120 28.108854 -82.247676
27.874687 -82.216276 27.872495 -82.211203
27.872495 -82.211203 27.874687 -82.216276
27.937932 -82.202851 27.937933 -82.195397
27.875775 -82.269269 27.872783 -82.269269
27.864387 -82.202880 27.861551 -82.199875
27.861551 -82.199875 27.864387 -82.202880
27.960652 -82.182725 27.963322 -82.182724
27.937933 -82.195397 27.937932 -82.202851
27.963322 -82.182724 27.960652 -82.182725
27.963499 -82.170403 27.966924 -82.170402
27.966922 -82.162000 27.966922 -82.159486
27.966922 -82.159486 27.966922 -82.162000
27.908414 -82.183731 27.908398 -82.185187
27.908398 -82.185187 27.908414 -82.183731
27.853701 -82.199274 27.853700 -82.200154
27.823473 -82.202419 27.828576 -82.199139
27.828576 -82.199139 27.823473 -82.202419
27.763283 -82.145554 27.762611 -82.145538
28.108854 -82.247676 28.106558 -82.249120
28.079910 -82.327493 28.079910 -82.327301
28.079910 -82.327301 28.079910 -82.327493
27.893300 -82.530722 27.893300 -82.530218
27.872783 -82.269269 27.875775 -82.269269
27.986668 -82.137633 27.985868 -82.137761
27.985868 -82.137761 27.986668 -82.137633
27.981498 -82.146311 27.981488 -82.147526
27.981488 -82.147526 27.981498 -82.146311
27.853700 -82.200154 27.853701 -82.199274
30.945718 -85.827003 30.942441 -85.820276
30.942441 -85.820276 30.945718 -85.827003
30.773281 -85.849482 30.774292 -85.847901
30.753274 -85.851651 30.756504 -85.831990
30.756504 -85.831990 30.753274 -85.851651
30.774292 -85.847901 30.773281 -85.849482
27.767348 -80.550625 27.764322 -80.550832
27.764322 -80.550832 27.767348 -80.550625
27.766638 -80.443744 27.767583 -80.444249
27.767583 -80.444249 27.766638 -80.443744
27.602645 -80.628565 27.602416 -80.628568
27.640009 -80.599096 27.640052 -80.602977
27.640052 -80.602977 27.640009 -80.599096
27.748538 -80.461886 27.748548 -80.462392
27.748548 -80.462392 27.748538 -80.461886
27.714134 -80.494806 27.714163 -80.495294
27.714163 -80.495294 27.714134 -80.494806
27.602416 -80.628568 27.602645 -80.628565
27.760421 -80.462349 27.759523 -80.461925
27.759523 -80.461925 27.760421 -80.462349
30.638680 -84.924334 30.638143 -84.916382
30.638143 -84.916382 30.638680 -84.924334
30.976343 -85.025257 30.976716 -85.012328
30.976716 -85.012328 30.976343 -85.025257
30.628741 -85.393610 30.628801 -85.393672
30.628801 -85.393672 30.628741 -85.393610
30.625444 -85.368662 30.625728 -85.366923
30.625728 -85.366923 30.625444 -85.368662
30.657258 -85.079888 30.650247 -85.080125
30.650247 -85.080125 30.657258 -85.079888
30.649785 -85.100953 30.643897 -85.101030
30.643897 -85.101030 30.649785 -85.100953
30.633248 -85.056807 30.632652 -85.063642
30.632652 -85.063642 30.633248 -85.056807
30.598754 -85.395801 30.627634 -85.395887
30.627634 -85.395887 30.598754 -85.395801
30.620834 -85.362284 30.621111 -85.353435
30.621111 -85.353435 30.620834 -85.362284
30.615976 -85.362334 30.615935 -85.361022
30.615935 -85.361022 30.615976 -85.362334
30.602807 -85.328317 30.601404 -85.328390
30.578267 -85.325348 30.578244 -85.324156
30.578244 -85.324156 30.578267 -85.325348
30.576933 -85.279986 30.576543 -85.279880
30.576543 -85.279880 30.576933 -85.279986
30.601404 -85.328390 30.602807 -85.328317
30.622893 -85.151603 30.622710 -85.151497
30.622710 -85.151497 30.622893 -85.151603
30.614213 -85.053254 30.614259 -85.060379
30.614259 -85.060379 30.614213 -85.053254
30.189643 -84.050025 30.189253 -84.045333
30.189253 -84.045333 30.189643 -84.050025
30.625476 -83.999392 30.626184 -84.007877
30.626184 -84.007877 30.625476 -83.999392
30.500727 -83.906498 30.500692 -83.910861
30.541830 -83.908048 30.542525 -83.904663
30.542525 -83.904663 30.541830 -83.908048
30.531069 -83.912680 30.531074 -83.911438
30.500692 -83.910861 30.500727 -83.906498
30.531074 -83.911438 30.531069 -83.912680
30.478456 -83.920918 30.478491 -83.925687
30.478491 -83.925687 30.478456 -83.920918
30.440351 -83.943808 30.437054 -83.944654
30.437054 -83.944654 30.440351 -83.943808
30.411887 -83.951862 30.411939 -83.950492
30.411939 -83.950492 30.411887 -83.951862
30.395704 -83.873323 30.392547 -83.867801
30.392547 -83.867801 30.395704 -83.873323
30.382917 -83.815760 30.384018 -83.815618
30.384018 -83.815618 30.382917 -83.815760
30.342282 -83.924025 30.343084 -83.943723
30.343084 -83.943723 30.342282 -83.924025
30.337426 -83.902010 30.334058 -83.894460
30.334058 -83.894460 30.337426 -83.902010
30.255987 -83.283098 30.254917 -83.283117
30.257203 -83.266481 30.260260 -83.266525
30.254917 -83.283117 30.255987 -83.283098
30.254239 -83.354791 30.260552 -83.355198
30.260552 -83.355198 30.254239 -83.354791
30.260260 -83.266525 30.257203 -83.266481
30.231465 -83.283398 30.231578 -83.283378
30.231578 -83.283378 30.231465 -83.283398
30.222572 -83.261902 30.224025 -83.261922
30.224025 -83.261922 30.222572 -83.261902
30.092796 -83.172079 30.097386 -83.171645
30.097386 -83.171645 30.092796 -83.172079
29.955062 -82.930342 29.954603 -82.931708
29.954603 -82.931708 29.955062 -82.930342
28.376583 -81.823367 28.374427 -81.823781
28.374427 -81.823781 28.376583 -81.823367
28.960986 -81.821752 28.960993 -81.820876
28.960993 -81.820876 28.960986 -81.821752
29.005406 -81.386095 29.008213 -81.382804
28.762520 -81.880821 28.764812 -81.881962
28.764812 -81.881962 28.762520 -81.880821
28.700972 -81.732598 28.702672 -81.733198
28.824999 -81.832241 28.824197 -81.833048
28.824197 -81.833048 28.824999 -81.832241
28.764789 -81.754046 28.761030 -81.758055
28.761030 -81.758055 28.764789 -81.754046
28.788386 -81.747282 28.788569 -81.747199
28.747777 -81.906817 28.747758 -81.904657
28.747758 -81.904657 28.747777 -81.906817
28.731708 -81.914000 28.732051 -81.914365
28.732051 -81.914365 28.731708 -81.914000
28.789420 -81.559994 28.791170 -81.559994
28.791170 -81.559994 28.789420 -81.559994
28.499830 -81.714051 28.499760 -81.706817
29.008213 -81.382804 29.005406 -81.386095
28.788569 -81.747199 28.788386 -81.747282
28.702672 -81.733198 28.700972 -81.732598
28.785868 -81.637887 28.784270 -81.637796
28.792870 -81.533894 28.792620 -81.533888
28.792620 -81.533888 28.792870 -81.533894
28.561118 -81.682221 28.559078 -81.677297
28.562042 -81.682220 28.560078 -81.678097
28.560078 -81.678097 28.562042 -81.682220
28.559078 -81.677297 28.561118 -81.682221
28.546378 -81.683397 28.546394 -81.677481
28.546394 -81.677481 28.546378 -81.683397
28.499760 -81.706817 28.499830 -81.714051
28.789486 -81.752255 28.789486 -81.752855
28.789486 -81.752855 28.789486 -81.752255
26.450916 -81.595320 26.450611 -81.615359
26.739616 -81.715808 26.732668 -81.712792
26.732668 -81.712792 26.739616 -81.715808
26.712464 -81.651886 26.711222 -81.641852
26.711222 -81.641852 26.712464 -81.651886
26.642155 -81.662192 26.642799 -81.662623
26.642799 -81.662623 26.642155 -81.662192
26.617010 -81.676053 26.617030 -81.678364
26.617030 -81.678364 26.617010 -81.676053
26.557615 -81.661864 26.560595 -81.670036
26.564971 -81.677879 26.564786 -81.677479
26.560595 -81.670036 26.557615 -81.661864
26.564786 -81.677479 26.564971 -81.677879
26.330543 -81.811168 26.330490 -81.807186
26.330490 -81.807186 26.330543 -81.811168
26.562653 -81.940210 26.562625 -81.936354
26.562625 -81.936354 26.562653 -81.940210
26.487356 -81.943011 26.486056 -81.942911
26.486056 -81.942911 26.487356 -81.943011
26.659449 -81.883508 26.657949 -81.882608
26.657949 -81.882608 26.659449 -81.883508
26.663349 -81.877608 26.663049 -81.877408
26.663049 -81.877408 26.663349 -81.877608
26.762702 -81.760751 26.769560 -81.760684
26.686203 -81.798846 26.684092 -81.798814
26.684092 -81.798814 26.686203 -81.798846
26.713002 -81.760253 26.701515 -81.760141
26.701515 -81.760141 26.713002 -81.760253
26.590034 -81.679356 26.590039 -81.678871
26.590039 -81.678871 26.590034 -81.679356
26.576197 -81.679156 26.576209 -81.676078
26.576209 -81.676078 26.576197 -81.679156
26.450611 -81.615359 26.450916 -81.595320
30.650373 -84.269440 30.646390 -84.276487
30.646390 -84.276487 30.650373 -84.269440
30.667706 -84.249461 30.667021 -84.244860
30.667021 -84.244860 30.667706 -84.249461
30.443499 -84.403504 30.443499 -84.404604
30.443499 -84.404604 30.443499 -84.403504
30.542898 -84.360503 30.539830 -84.360874
30.479899 -84.363103 30.479422 -84.357376
30.479299 -84.363103 30.478499 -84.363203
30.479299 -84.363103 30.478999 -84.360303
30.479422 -84.357376 30.479899 -84.363103
30.478499 -84.363203 30.479299 -84.363103
30.478999 -84.360303 30.479299 -84.363103
30.502599 -84.329102 30.501775 -84.328690
30.501775 -84.328690 30.502599 -84.329102
30.499699 -84.335402 30.498540 -84.334089
30.481599 -84.344302 30.479299 -84.344302
30.479299 -84.344302 30.481599 -84.344302
30.425293 -84.374463 30.424989 -84.375320
30.391700 -84.324800 30.394900 -84.321000
30.394900 -84.321000 30.391700 -84.324800
30.356700 -84.304399 30.358100 -84.303099
30.358100 -84.303099 30.356700 -84.304399
30.324401 -84.277298 30.324488 -84.279068
30.324488 -84.279068 30.324401 -84.277298
30.313601 -84.251696 30.313601 -84.251288
30.313601 -84.251288 30.313601 -84.251696
30.498540 -84.334089 30.499699 -84.335402
30.424989 -84.375320 30.425293 -84.374463
30.539830 -84.360874 30.542898 -84.360503
29.356036 -82.438922 29.344874 -82.438869
29.344874 -82.438869 29.356036 -82.438922
29.330204 -82.454823 29.332371 -82.455293
29.332371 -82.455293 29.330204 -82.454823
29.286950 -82.472095 29.286967 -82.472625
29.286967 -82.472625 29.286950 -82.472095
29.260437 -82.441714 29.251817 -82.441571
29.249190 -82.411400 29.249647 -82.417182
29.249647 -82.417182 29.249190 -82.411400
29.251817 -82.441571 29.260437 -82.441714
30.448166 -84.759560 30.448711 -84.758137
30.448711 -84.758137 30.448166 -84.759560
30.515516 -84.824720 30.511434 -84.828191
30.511434 -84.828191 30.515516 -84.824720
30.632951 -83.312024 30.634577 -83.311647
30.634577 -83.311647 30.632951 -83.312024
30.379744 -83.727048 30.385189 -83.726009
30.385189 -83.726009 30.379744 -83.727048
30.378538 -83.715533 30.374318 -83.718112
30.374318 -83.718112 30.378538 -83.715533
30.480795 -83.246779 30.482199 -83.243405
30.390493 -83.180410 30.390435 -83.180231
30.390435 -83.180231 30.390493 -83.180410
30.344370 -83.666916 30.351200 -83.665380
30.351200 -83.665380 30.344370 -83.666916
30.344395 -83.647742 30.344693 -83.647938
30.344693 -83.647938 30.344395 -83.647742
30.340544 -83.607343 30.340338 -83.607422
30.340338 -83.607422 30.340544 -83.607343
30.311029 -83.577392 30.305866 -83.584058
30.305866 -83.584058 30.311029 -83.577392
30.267626 -83.313840 30.264972 -83.312811
30.270330 -83.329574 30.271602 -83.329523
30.271602 -83.329523 30.270330 -83.329574
30.263382 -83.345322 30.264255 -83.348548
30.264255 -83.348548 30.263382 -83.345322
30.264972 -83.312811 30.267626 -83.313840
27.519670 -82.072891 27.537309 -82.078306
27.537309 -82.078306 27.519670 -82.072891
27.504952 -82.481480 27.506188 -82.484258
27.506188 -82.484258 27.504952 -82.481480
27.558001 -82.368623 27.557016 -82.366980
27.557016 -82.366980 27.558001 -82.368623
27.513343 -82.367262 27.513731 -82.367049
27.513731 -82.367049 27.513343 -82.367262
27.553540 -82.213498 27.555106 -82.213656
27.555106 -82.213656 27.553540 -82.213498
27.528046 -82.163033 27.527424 -82.151228
27.527424 -82.151228 27.528046 -82.163033
27.463217 -82.697721 27.462517 -82.697621
27.462517 -82.697621 27.463217 -82.697721
27.493917 -82.491017 27.494121 -82.492699
27.446219 -82.490818 27.446219 -82.485017
27.446219 -82.485017 27.446219 -82.490818
27.402520 -82.566519 27.401420 -82.565719
27.401420 -82.565719 27.402520 -82.566519
27.390278 -82.546232 27.389667 -82.545464
27.389667 -82.545464 27.390278 -82.546232
27.396976 -82.533430 27.403520 -82.533419
27.403520 -82.533419 27.396976 -82.533430
27.418020 -82.517718 27.412714 -82.517718
27.412714 -82.517718 27.418020 -82.517718
27.403520 -82.528219 27.403520 -82.526132
27.403520 -82.526132 27.403520 -82.528219
27.512016 -82.572919 27.509216 -82.572619
27.509216 -82.572619 27.512016 -82.572919
27.501116 -82.563019 27.500716 -82.563019
27.500716 -82.563019 27.501116 -82.563019
27.528431 -82.509436 27.527815 -82.509018
27.527815 -82.509018 27.528431 -82.509436
27.494121 -82.492699 27.493917 -82.491017
28.979478 -81.869160 28.979577 -81.871222
28.979577 -81.871222 28.979478 -81.869160
29.359582 -82.388873 29.359629 -82.392499
29.371904 -81.906168 29.371884 -81.907324
29.371884 -81.907324 29.371904 -81.906168
29.445435 -82.266994 29.445090 -82.264768
29.445090 -82.264768 29.445435 -82.266994
29.405949 -82.320514 29.405491 -82.327209
29.445001 -82.222540 29.444107 -82.222540
29.444107 -82.222540 29.445001 -82.222540
29.213988 -81.975117 29.214205 -81.982671
29.214205 -81.982671 29.213988 -81.975117
29.359629 -82.392499 29.359582 -82.388873
29.342048 -82.388880 29.343835 -82.390424
29.343835 -82.390424 29.342048 -82.388880
29.193224 -82.036969 29.193232 -82.036130
29.172104 -82.302077 29.167895 -82.302186
29.086099 -81.881406 29.083112 -81.884118
29.083112 -81.884118 29.086099 -81.881406
29.187341 -82.377248 29.187318 -82.376307
29.187318 -82.376307 29.187341 -82.377248
29.162916 -82.402200 29.162916 -82.403742
29.162916 -82.403742 29.162916 -82.402200
29.133280 -82.400804 29.131446 -82.404927
29.167895 -82.302186 29.172104 -82.302077
29.158220 -82.289470 29.152972 -82.296913
29.152972 -82.296913 29.158220 -82.289470
29.149981 -82.252055 29.148156 -82.252000
29.139053 -82.351819 29.139769 -82.351870
29.139769 -82.351870 29.139053 -82.351819
29.109594 -82.449068 29.104782 -82.449914
29.104499 -82.459531 29.106264 -82.459256
29.104782 -82.449914 29.109594 -82.449068
29.057102 -82.468572 29.057069 -82.468431
29.106264 -82.459256 29.104499 -82.459531
29.121265 -82.214387 29.121239 -82.211898
29.106438 -82.185463 29.106834 -82.185464
29.106834 -82.185464 29.106438 -82.185463
29.025605 -82.136430 29.025589 -82.134192
29.025521 -82.167544 29.025519 -82.159877
29.025519 -82.159877 29.025521 -82.167544
29.010958 -82.136489 29.010963 -82.135550
29.010963 -82.135550 29.010958 -82.136489
28.982026 -82.136466 28.989071 -82.140842
28.989071 -82.140842 28.982026 -82.136466
29.025600 -82.120210 29.030127 -82.122138
29.030127 -82.122138 29.025600 -82.120210
29.176445 -82.053678 29.178854 -82.053711
29.131926 -82.203845 29.129952 -82.205795
29.178854 -82.053711 29.176445 -82.053678
29.193232 -82.036130 29.193224 -82.036969
29.164155 -82.086912 29.164155 -82.086480
29.164155 -82.086480 29.164155 -82.086912
29.150188 -82.074476 29.149795 -82.073652
29.148715 -82.074406 29.149670 -82.073455
29.084313 -82.087766 29.084236 -82.086820
29.086532 -82.080268 29.089070 -82.081723
29.084236 -82.086820 29.084313 -82.087766
29.171455 -82.061911 29.170555 -82.061911
29.170555 -82.061911 29.171455 -82.061911
29.171555 -82.057611 29.171555 -82.056411
29.171555 -82.056411 29.171555 -82.057611
29.149795 -82.073652 29.150188 -82.074476
29.121140 -82.053616 29.119835 -82.053662
29.119835 -82.053662 29.121140 -82.053616
29.081833 -82.053640 29.082739 -82.053649
29.148156 -82.252000 29.149981 -82.252055
29.089070 -82.081723 29.086532 -82.080268
29.129952 -82.205795 29.131926 -82.203845
29.132477 -82.218311 29.129871 -82.218340
29.149670 -82.073455 29.148715 -82.074406
28.979295 -82.148882 28.979295 -82.148492
28.979295 -82.148492 28.979295 -82.148882
29.121239 -82.211898 29.121265 -82.214387
29.057069 -82.468431 29.057102 -82.468572
29.129871 -82.218340 29.132477 -82.218311
29.082739 -82.053649 29.081833 -82.053640
29.025589 -82.134192 29.025605 -82.136430
29.131446 -82.404927 29.133280 -82.400804
29.405491 -82.327209 29.405949 -82.320514
26.985170 -80.616798 26.966093 -80.610687
26.966093 -80.610687 26.985170 -80.616798
27.140329 -80.190241 27.138563 -80.187806
27.138563 -80.187806 27.140329 -80.190241
27.110025 -80.258561 27.108138 -80.260821
27.108138 -80.260821 27.110025 -80.258561
27.114691 -80.175632 27.111369 -80.172181
27.043670 -80.222608 27.043671 -80.218050
27.043671 -80.218050 27.043670 -80.222608
27.111369 -80.172181 27.114691 -80.175632
27.172307 -80.264301 27.172942 -80.262994
27.172942 -80.262994 27.172307 -80.264301
26.956534 -80.167166 26.941036 -80.156480
25.903672 -80.243771 25.904372 -80.243871
25.941322 -80.149832 25.941459 -80.149784
25.804975 -80.264572 25.808375 -80.264672
25.782276 -80.320473 25.780576 -80.320273
25.780576 -80.320273 25.782276 -80.320473
25.782376 -80.312673 25.781876 -80.312573
25.781876 -80.312573 25.782376 -80.312673
25.785476 -80.300973 25.785876 -80.288672
25.785876 -80.288672 25.785476 -80.300973
25.867373 -80.260071 25.867373 -80.258871
25.845474 -80.259571 25.845374 -80.258171
25.867373 -80.258871 25.867373 -80.260071
25.844574 -80.260271 25.844574 -80.259571
25.845374 -80.258171 25.845474 -80.259571
25.844574 -80.259571 25.844574 -80.260271
25.842174 -80.257971 25.841474 -80.257971
25.839274 -80.259371 25.839274 -80.259871
25.839274 -80.259871 25.839274 -80.259371
25.830774 -80.261272 25.830874 -80.259271
25.841474 -80.257971 25.842174 -80.257971
25.837974 -80.259871 25.838074 -80.259371
25.838074 -80.259371 25.837974 -80.259871
25.830874 -80.259271 25.830774 -80.261272
25.841874 -80.249771 25.842474 -80.249771
25.842474 -80.249771 25.841874 -80.249771
25.823475 -80.259972 25.823475 -80.258971
25.823475 -80.258971 25.823475 -80.259972
25.808475 -80.262572 25.808375 -80.261472
25.815975 -80.261372 25.816075 -80.258872
25.816075 -80.258872 25.815975 -80.261372
25.808375 -80.264672 25.804975 -80.264572
25.808375 -80.261472 25.808475 -80.262572
25.841874 -80.241471 25.841474 -80.241571
25.841474 -80.241571 25.841874 -80.241471
25.840874 -80.233371 25.841274 -80.233371
25.841274 -80.233371 25.840874 -80.233371
25.841274 -80.225170 25.840674 -80.225270
25.840674 -80.225270 25.841274 -80.225170
25.840774 -80.221170 25.841374 -80.221170
25.841374 -80.221170 25.840774 -80.221170
25.841874 -80.206270 25.841274 -80.206170
25.841174 -80.208870 25.840574 -80.208870
25.840574 -80.208870 25.841174 -80.208870
25.841274 -80.206170 25.841874 -80.206270
25.840974 -80.203370 25.840456 -80.203250
25.839674 -80.200670 25.839674 -80.201670
25.839674 -80.200670 25.838974 -80.200570
25.839674 -80.201670 25.839674 -80.200670
25.838974 -80.200570 25.839674 -80.200670
25.839774 -80.196569 25.838974 -80.196569
25.838974 -80.196569 25.839774 -80.196569
25.839174 -80.192369 25.839874 -80.192569
25.839874 -80.192569 25.839174 -80.192369
25.839874 -80.192569 25.839974 -80.190269
25.839974 -80.190269 25.839874 -80.192569
25.847474 -80.188269 25.847074 -80.188269
25.847074 -80.188269 25.847474 -80.188269
25.846974 -80.184569 25.846274 -80.184569
25.846274 -80.184569 25.846974 -80.184569
25.843574 -80.125567 25.843674 -80.124867
25.843674 -80.124867 25.843574 -80.125567
25.816175 -80.123167 25.818875 -80.122567
25.818875 -80.122567 25.816175 -80.123167
25.925971 -80.149668 25.925971 -80.147367
25.948970 -80.349373 25.949970 -80.349373
25.941070 -80.148968 25.944370 -80.147967
25.918752 -80.410141 25.917089 -80.407871
25.917089 -80.407871 25.918752 -80.410141
25.949670 -80.349673 25.949970 -80.349373
25.949970 -80.349373 25.948970 -80.349373
25.949970 -80.349373 25.949670 -80.349673
25.955370 -80.246071 25.955670 -80.229870
25.955670 -80.229870 25.955370 -80.246071
25.941570 -80.221570 25.941470 -80.222570
25.941470 -80.222570 25.941570 -80.221570
25.904372 -80.243871 25.903672 -80.243771
25.908272 -80.235770 25.907872 -80.235770
25.907872 -80.235770 25.908272 -80.235770
25.901872 -80.247371 25.902372 -80.247771
25.902372 -80.247771 25.901872 -80.247371
25.930571 -80.209170 25.930271 -80.209470
25.928171 -80.212070 25.927871 -80.212470
25.927871 -80.212470 25.928171 -80.212070
25.940870 -80.191369 25.941070 -80.193169
25.941070 -80.193169 25.940870 -80.191369
25.930271 -80.209470 25.930571 -80.209170
25.950570 -80.180669 25.958670 -80.170668
25.958670 -80.170668 25.950570 -80.180669
25.896572 -80.261071 25.896672 -80.258571
25.898872 -80.255071 25.898472 -80.254471
25.896672 -80.258571 25.896572 -80.261071
25.901172 -80.250271 25.900572 -80.249971
25.898472 -80.254471 25.898872 -80.255071
25.900572 -80.249971 25.901172 -80.250271
25.951170 -80.165668 25.952770 -80.165768
25.952270 -80.157068 25.951470 -80.157068
25.952770 -80.165768 25.951170 -80.165668
25.952470 -80.162168 25.951670 -80.161068
25.951670 -80.161068 25.952470 -80.162168
25.951470 -80.157068 25.952270 -80.157068
25.946870 -80.154568 25.946870 -80.155268
25.946870 -80.155268 25.946870 -80.154568
25.944370 -80.147967 25.941070 -80.148968
25.941459 -80.149784 25.941322 -80.149832
25.925971 -80.147367 25.925971 -80.149668
25.899172 -80.124667 25.897472 -80.124667
25.897472 -80.124667 25.899172 -80.124667
25.840456 -80.203250 25.840974 -80.203370
25.651974 -80.496922 25.641282 -80.496378
25.641282 -80.496378 25.651974 -80.496922
25.400991 -80.565981 25.398192 -80.572382
25.403491 -80.558581 25.403517 -80.558146
25.398192 -80.572382 25.400991 -80.565981
25.374797 -80.525584 25.374811 -80.526050
25.374811 -80.526050 25.374797 -80.525584
25.378392 -80.464179 25.392891 -80.467279
25.392891 -80.467279 25.378392 -80.464179
25.339604 -80.412291 25.299756 -80.386959
25.299756 -80.386959 25.339604 -80.412291
25.690791 -80.333776 25.691480 -80.333774
25.691480 -80.333774 25.690791 -80.333776
25.796576 -80.385375 25.796483 -80.392336
25.782077 -80.385175 25.782177 -80.392075
25.782077 -80.385175 25.781777 -80.385275
25.782177 -80.392075 25.782077 -80.385175
25.796483 -80.392336 25.796576 -80.385375
25.661881 -80.481078 25.661481 -80.481078
25.661481 -80.481078 25.661881 -80.481078
25.403517 -80.558146 25.403491 -80.558581
25.412583 -80.493333 25.418824 -80.493495
25.412583 -80.493333 25.412782 -80.489273
25.411069 -80.501175 25.413700 -80.501159
25.413700 -80.501159 25.411069 -80.501175
25.418824 -80.493495 25.412583 -80.493333
25.412782 -80.489273 25.412583 -80.493333
25.781777 -80.385275 25.782077 -80.385175
25.780777 -80.367675 25.780777 -80.368275
25.781577 -80.367575 25.783477 -80.367675
25.780777 -80.368275 25.780777 -80.367675
25.783477 -80.367675 25.781577 -80.367575
25.761277 -80.367775 25.761477 -80.367775
25.761477 -80.367775 25.761277 -80.367775
25.761354 -80.372772 25.761138 -80.372769
25.761138 -80.372769 25.761354 -80.372772
25.641682 -80.415276 25.647017 -80.415509
25.641286 -80.446099 25.654982 -80.446177
25.654982 -80.446177 25.641286 -80.446099
25.647017 -80.415509 25.641682 -80.415276
25.637582 -80.397976 25.647382 -80.398176
25.647382 -80.398176 25.637582 -80.397976
25.642382 -80.376575 25.642582 -80.374775
25.642282 -80.383176 25.642182 -80.382976
25.629482 -80.382476 25.629182 -80.382176
25.642182 -80.382976 25.642282 -80.383176
25.629182 -80.382176 25.629482 -80.382476
25.783076 -80.336474 25.782386 -80.331110
25.783576 -80.336374 25.784176 -80.336474
25.761677 -80.354174 25.761777 -80.351774
25.761777 -80.351774 25.761677 -80.354174
25.754978 -80.351774 25.754678 -80.351774
25.754678 -80.351774 25.754978 -80.351774
25.784176 -80.336474 25.783576 -80.336374
25.782386 -80.331110 25.783076 -80.336474
25.754478 -80.348774 25.754478 -80.349774
25.754478 -80.349774 25.754478 -80.348774
25.747078 -80.348674 25.747078 -80.351674
25.747078 -80.351674 25.747078 -80.348674
25.733478 -80.351674 25.732578 -80.351574
25.732578 -80.351574 25.733478 -80.351674
25.736278 -80.353774 25.736278 -80.351774
25.736278 -80.351774 25.736278 -80.353774
25.743687 -80.351768 25.743478 -80.351774
25.743478 -80.351774 25.743687 -80.351768
25.739878 -80.353774 25.739878 -80.352474
25.739878 -80.352474 25.739878 -80.353774
25.732478 -80.350374 25.732678 -80.349674
25.730578 -80.343674 25.729878 -80.343574
25.730478 -80.345774 25.729778 -80.345974
25.732678 -80.349674 25.732478 -80.350374
25.729787 -80.348606 25.731834 -80.348656
25.731834 -80.348656 25.729787 -80.348606
25.730478 -80.347574 25.729792 -80.347611
25.729792 -80.347611 25.730478 -80.347574
25.729778 -80.345974 25.730478 -80.345774
25.729878 -80.343574 25.730578 -80.343674
25.728178 -80.339574 25.727378 -80.339474
25.727378 -80.339474 25.728178 -80.339574
25.723879 -80.335374 25.722279 -80.335274
25.723814 -80.336871 25.723779 -80.337674
25.722279 -80.335274 25.723879 -80.335374
25.723779 -80.337674 25.723814 -80.336871
25.716504 -80.334871 25.716496 -80.336993
25.717495 -80.335018 25.718379 -80.335174
25.718379 -80.335174 25.717495 -80.335018
25.709978 -80.334867 25.709979 -80.336874
25.709979 -80.336874 25.709978 -80.334867
25.702076 -80.339166 25.702077 -80.339628
25.702077 -80.339628 25.702076 -80.339166
25.687080 -80.351075 25.688780 -80.349575
25.688780 -80.349575 25.687080 -80.351075
25.692080 -80.317474 25.690680 -80.317474
25.691880 -80.320474 25.690580 -80.320374
25.642582 -80.374775 25.642382 -80.376575
25.628282 -80.351675 25.628282 -80.353875
25.628282 -80.353875 25.628282 -80.351675
25.624576 -80.342848 25.624243 -80.343032
25.624243 -80.343032 25.624576 -80.342848
25.614082 -80.327274 25.614082 -80.327774
25.614082 -80.327774 25.614082 -80.327274
25.607883 -80.316274 25.608567 -80.316312
25.608567 -80.316312 25.607883 -80.316274
25.690580 -80.320374 25.691880 -80.320474
25.690680 -80.317474 25.692080 -80.317474
25.688580 -80.308173 25.689340 -80.307350
25.688580 -80.308974 25.691517 -80.309060
25.691517 -80.309060 25.688580 -80.308974
25.690980 -80.305573 25.688780 -80.305473
25.689340 -80.307350 25.688580 -80.308173
25.688780 -80.305473 25.690980 -80.305573
25.691280 -80.301273 25.688780 -80.303173
25.688780 -80.303173 25.691280 -80.301273
25.688980 -80.284673 25.688480 -80.284673
25.688480 -80.284673 25.688980 -80.284673
25.664680 -80.279873 25.663653 -80.283857
25.663653 -80.283857 25.664680 -80.279873
25.611082 -80.310274 25.609882 -80.310174
25.609882 -80.310174 25.611082 -80.310274
25.716496 -80.336993 25.716504 -80.334871
30.437394 -81.925554 30.445385 -81.922639
30.445385 -81.922639 30.437394 -81.925554
30.435482 -81.921693 30.437893 -81.920808
30.437893 -81.920808 30.435482 -81.921693
30.925069 -86.564340 30.925046 -86.559482
30.925046 -86.559482 30.925069 -86.564340
30.751953 -86.634088 30.752700 -86.627435
30.752700 -86.627435 30.751953 -86.634088
30.381391 -86.403733 30.380018 -86.402401
30.380018 -86.402401 30.381391 -86.403733
30.716093 -86.609882 30.715474 -86.614949
30.715474 -86.614949 30.716093 -86.609882
30.698638 -86.571151 30.696555 -86.571360
30.696555 -86.571360 30.698638 -86.571151
30.706751 -86.455246 30.701661 -86.467394
30.701661 -86.467394 30.706751 -86.455246
30.675168 -86.425120 30.675193 -86.412335
30.675193 -86.412335 30.675168 -86.425120
30.641706 -86.442194 30.638910 -86.432943
30.638910 -86.432943 30.641706 -86.442194
30.633432 -86.435700 30.633432 -86.435515
30.633432 -86.435515 30.633432 -86.435700
30.534341 -86.458372 30.541790 -86.454441
30.541790 -86.454441 30.534341 -86.458372
27.388571 -81.035904 27.386911 -81.037512
27.386911 -81.037512 27.388571 -81.035904
27.449153 -80.770040 27.449132 -80.771233
27.449132 -80.771233 27.449153 -80.770040
27.243464 -80.896908 27.243437 -80.878660
27.243437 -80.878660 27.243464 -80.896908
27.587274 -80.821641 27.587135 -80.821881
27.587135 -80.821881 27.587274 -80.821641
27.550219 -80.818421 27.550715 -80.818745
27.550715 -80.818745 27.550219 -80.818421
28.784270 -81.637796 28.785868 -81.637887
28.775170 -81.624196 28.773970 -81.624196
28.773970 -81.624196 28.775170 -81.624196
28.770971 -81.593095 28.769871 -81.593195
28.769871 -81.593195 28.770971 -81.593095
28.503481 -81.538195 28.500781 -81.536995
28.500781 -81.536995 28.503481 -81.538195
28.486318 -81.582948 28.488321 -81.582962
28.463382 -81.640496 28.459782 -81.636896
28.459782 -81.636896 28.463382 -81.640496
28.629776 -81.409292 28.629776 -81.408392
28.629776 -81.408392 28.629776 -81.409292
28.600277 -81.434592 28.602077 -81.431892
28.590178 -81.438393 28.589478 -81.437093
28.582501 -81.442733 28.582500 -81.430581
28.589478 -81.437093 28.590178 -81.438393
28.611977 -81.430692 28.612577 -81.431692
28.612577 -81.431692 28.611977 -81.430692
28.613877 -81.420692 28.613177 -81.419092
28.613177 -81.419092 28.613877 -81.420692
28.602077 -81.431892 28.600277 -81.434592
28.618377 -81.414892 28.616659 -81.414940
28.616659 -81.414940 28.618377 -81.414892
28.549079 -81.457293 28.548979 -81.455393
28.504384 -81.508724 28.507493 -81.508783
28.507493 -81.508783 28.504384 -81.508724
28.494181 -81.483494 28.496976 -81.483559
28.496976 -81.483559 28.494181 -81.483494
28.488681 -81.458793 28.487081 -81.458793
28.488681 -81.458793 28.482982 -81.452593
28.548979 -81.455393 28.549079 -81.457293
28.552879 -81.449493 28.552879 -81.448693
28.552879 -81.448693 28.552879 -81.449493
28.553679 -81.447393 28.552879 -81.447293
28.552879 -81.447293 28.553679 -81.447393
28.540679 -81.450493 28.540479 -81.450893
28.540479 -81.450893 28.540679 -81.450493
28.527982 -81.442387 28.527979 -81.441631
28.527979 -81.441631 28.527982 -81.442387
28.493881 -81.456393 28.493981 -81.454993
28.493981 -81.454993 28.493881 -81.456393
28.503981 -81.450693 28.508581 -81.436393
28.508581 -81.436393 28.503981 -81.450693
28.493781 -81.436493 28.504981 -81.428193
28.487081 -81.458793 28.488681 -81.458793
28.482982 -81.452593 28.488681 -81.458793
28.504981 -81.428193 28.493781 -81.436493
28.491582 -81.434439 28.502285 -81.425875
28.508480 -81.418493 28.507281 -81.417793
28.507281 -81.417793 28.508480 -81.418493
28.509374 -81.401192 28.509080 -81.401192
28.640242 -81.407697 28.635459 -81.402678
28.618477 -81.399792 28.618577 -81.398091
28.618577 -81.398091 28.618477 -81.399792
28.618177 -81.385991 28.613477 -81.385991
28.613477 -81.385991 28.618177 -81.385991
28.607277 -81.386491 28.609819 -81.386615
28.609819 -81.386615 28.607277 -81.386491
28.611677 -81.369891 28.611577 -81.369191
28.611577 -81.369191 28.611677 -81.369891
28.618377 -81.365591 28.617877 -81.365591
28.617877 -81.365591 28.618377 -81.365591
28.607577 -81.343090 28.607377 -81.343490
28.595377 -81.344390 28.595377 -81.345190
28.607377 -81.343490 28.607577 -81.343090
28.595377 -81.345190 28.595377 -81.344390
28.582278 -81.327990 28.581678 -81.327890
28.581678 -81.327890 28.582278 -81.327990
28.589477 -81.307490 28.588677 -81.307390
28.588677 -81.307390 28.589477 -81.307490
28.509080 -81.401192 28.509374 -81.401192
28.508564 -81.396979 28.508180 -81.396992
28.508180 -81.396992 28.508564 -81.396979
28.494506 -81.394892 28.494581 -81.393074
28.510980 -81.392892 28.511519 -81.392891
28.494581 -81.393074 28.494506 -81.394892
28.472482 -81.384392 28.472482 -81.381592
28.472482 -81.381592 28.472482 -81.384392
28.493709 -81.470252 28.493691 -81.471463
28.493691 -81.471463 28.493709 -81.470252
28.465182 -81.384392 28.465182 -81.382492
28.465182 -81.382492 28.465182 -81.384392
28.454782 -81.364692 28.450782 -81.363592
28.450782 -81.363592 28.454782 -81.364692
28.453582 -81.359292 28.450882 -81.359292
28.450882 -81.359292 28.453582 -81.359292
28.454694 -81.338791 28.453382 -81.338791
28.453382 -81.338791 28.454694 -81.338791
28.451406 -81.333732 28.451558 -81.333692
28.451182 -81.313691 28.451182 -81.313091
28.451182 -81.313091 28.451182 -81.313691
28.451282 -81.305690 28.450312 -81.292732
28.450312 -81.292732 28.451282 -81.305690
28.371055 -81.309591 28.375362 -81.309592
28.347886 -81.382892 28.341345 -81.380319
28.347786 -81.391892 28.339591 -81.395014
28.603277 -81.299289 28.601892 -81.299245
28.596877 -81.304890 28.596877 -81.303589
28.596877 -81.303589 28.596877 -81.304890
28.603477 -81.286889 28.603977 -81.286889
28.603977 -81.286889 28.603477 -81.286889
28.476681 -81.285190 28.475300 -81.283643
28.475300 -81.283643 28.476681 -81.285190
28.510180 -81.256489 28.510180 -81.249506
28.524879 -81.240089 28.522622 -81.239838
28.522622 -81.239838 28.524879 -81.240089
28.510180 -81.249506 28.510180 -81.256489
28.510180 -81.249506 28.513384 -81.249552
28.609182 -81.174543 28.611976 -81.174586
28.581577 -81.171986 28.583177 -81.168386
28.583177 -81.168386 28.581577 -81.171986
28.565178 -81.178187 28.565278 -81.176487
28.565278 -81.176487 28.565178 -81.178187
28.450782 -81.301790 28.449640 -81.292747
28.449640 -81.292747 28.450782 -81.301790
28.428383 -81.294390 28.426161 -81.294311
28.426161 -81.294311 28.428383 -81.294390
28.424067 -81.289077 28.423948 -81.281915
28.538878 -81.082684 28.537678 -81.081584
28.537678 -81.081584 28.538878 -81.082684
28.524078 -81.008682 28.525979 -81.008645
28.525979 -81.008645 28.524078 -81.008682
28.452581 -80.970182 28.452581 -80.961482
28.452581 -80.961482 28.452581 -80.970182
28.423948 -81.281915 28.424067 -81.289077
28.635459 -81.402678 28.640242 -81.407697
28.502285 -81.425875 28.491582 -81.434439
28.632980 -81.406637 28.633013 -81.404358
28.633013 -81.404358 28.632980 -81.406637
28.578178 -81.438433 28.578178 -81.435552
28.578178 -81.435552 28.578178 -81.438433
28.451558 -81.333692 28.451406 -81.333732
28.356124 -81.404145 28.347886 -81.403993
28.347886 -81.403993 28.356124 -81.404145
28.488321 -81.582962 28.486318 -81.582948
28.601892 -81.299245 28.603277 -81.299289
28.611976 -81.174586 28.609182 -81.174543
28.582500 -81.430581 28.582501 -81.442733
28.511519 -81.392891 28.510980 -81.392892
28.375362 -81.309592 28.371055 -81.309591
28.513384 -81.249552 28.510180 -81.249506
28.368268 -81.316798 28.370869 -81.339521
28.370869 -81.339521 28.368268 -81.316798
28.270089 -81.480594 28.271837 -81.478070
28.304388 -81.445060 28.304243 -81.448162
28.274489 -81.436593 28.273789 -81.436593
28.273789 -81.436593 28.274489 -81.436593
28.282689 -81.416093 28.283189 -81.415993
28.283189 -81.415993 28.282689 -81.416093
28.341345 -81.380319 28.347886 -81.382892
28.259426 -81.587204 28.259426 -81.591076
28.259426 -81.591076 28.259426 -81.587204
28.339591 -81.395014 28.347786 -81.391892
28.304243 -81.448162 28.304388 -81.445060
28.271837 -81.478070 28.270089 -81.480594
26.652219 -80.137869 26.651944 -80.140166
26.647697 -80.148998 26.646149 -80.148652
26.617545 -80.174167 26.617545 -80.173767
26.646149 -80.148652 26.647697 -80.148998
26.632045 -80.173967 26.626545 -80.173867
26.626545 -80.173867 26.632045 -80.173967
26.631445 -80.158066 26.632545 -80.158066
26.632545 -80.158066 26.631445 -80.158066
26.678401 -80.136951 26.678543 -80.141566
26.663253 -80.128580 26.663242 -80.130762
26.663242 -80.130762 26.663253 -80.128580
26.673943 -80.124765 26.673943 -80.126126
26.677643 -80.104265 26.677643 -80.108165
26.677643 -80.108165 26.677643 -80.104265
26.673643 -80.104265 26.673643 -80.104765
26.673643 -80.104765 26.673643 -80.104265
26.617545 -80.173767 26.617545 -80.174167
26.651944 -80.140166 26.652219 -80.137869
26.670444 -80.121065 26.670244 -80.121065
26.670244 -80.121065 26.670444 -80.121065
26.673943 -80.126126 26.673943 -80.124765
26.677043 -80.087664 26.677043 -80.083564
26.670044 -80.112765 26.670344 -80.112665
26.670344 -80.112665 26.670044 -80.112765
26.643580 -80.056417 26.642844 -80.056463
26.642844 -80.056463 26.643580 -80.056417
26.644344 -80.052363 26.643544 -80.052463
26.643544 -80.052463 26.644344 -80.052363
26.590546 -80.169967 26.590646 -80.171667
26.590646 -80.171667 26.590546 -80.169967
26.408653 -80.203768 26.412853 -80.203868
26.412853 -80.203868 26.408653 -80.203768
26.590646 -80.173467 26.595046 -80.173567
26.595046 -80.173567 26.590646 -80.173467
26.527749 -80.172867 26.527749 -80.172167
26.527749 -80.172167 26.527749 -80.172867
26.453751 -80.163567 26.453751 -80.165605
26.453751 -80.165605 26.453751 -80.163567
26.408653 -80.171867 26.409253 -80.171867
26.409253 -80.171867 26.408653 -80.171867
26.417753 -80.077364 26.409353 -80.078664
26.409353 -80.078664 26.417753 -80.077364
26.417753 -80.075064 26.415153 -80.075564
26.415153 -80.075564 26.417753 -80.075064
26.401953 -80.083464 26.407853 -80.082964
26.404953 -80.089665 26.409511 -80.089760
26.409511 -80.089760 26.404953 -80.089665
26.407853 -80.082964 26.401953 -80.083464
26.418035 -80.095227 26.420782 -80.092599
26.420782 -80.092599 26.418035 -80.095227
26.438052 -80.063164 26.439252 -80.062664
26.439252 -80.062664 26.438052 -80.063164
26.651144 -80.145066 26.648744 -80.145066
26.421352 -80.122066 26.424252 -80.122066
26.424252 -80.122066 26.421352 -80.122066
26.678543 -80.141566 26.678401 -80.136951
26.431552 -80.146966 26.430811 -80.146966
26.430811 -80.146966 26.431552 -80.146966
26.677043 -80.083564 26.677043 -80.087664
26.648744 -80.145066 26.651144 -80.145066
26.888255 -80.269459 26.893051 -80.276590
26.893051 -80.276590 26.888255 -80.269459
26.942334 -80.197167 26.942334 -80.199767
26.942234 -80.190967 26.939535 -80.191067
26.939535 -80.191067 26.942234 -80.190967
26.942334 -80.199767 26.942334 -80.197167
26.941036 -80.156480 26.956534 -80.167166
26.840838 -80.198367 26.863496 -80.232382
26.863496 -80.232382 26.840838 -80.198367
26.707842 -80.153866 26.707942 -80.158066
26.707942 -80.158066 26.707842 -80.153866
26.707542 -80.140866 26.701803 -80.145766
26.701803 -80.145766 26.707542 -80.140866
26.655644 -80.066563 26.655544 -80.067163
26.655544 -80.067163 26.655644 -80.066563
26.666044 -80.066763 26.666044 -80.068764
26.666044 -80.068764 26.666044 -80.066763
26.672943 -80.070264 26.676143 -80.069464
26.676143 -80.069464 26.672943 -80.070264
26.675643 -80.037963 26.675423 -80.037963
26.675423 -80.037963 26.675643 -80.037963
26.692743 -80.140776 26.692743 -80.140119
26.692743 -80.140119 26.692743 -80.140776
26.811648 -80.207263 26.811702 -80.209031
26.811702 -80.209031 26.811648 -80.207263
26.934868 -80.152109 26.935119 -80.152132
26.935119 -80.152132 26.934868 -80.152109
28.374876 -82.358202 28.369271 -82.358056
28.369271 -82.358056 28.374876 -82.358202
28.375967 -82.319412 28.381078 -82.319287
28.375967 -82.319412 28.376013 -82.320241
28.419771 -82.286018 28.419754 -82.280692
28.419754 -82.280692 28.419771 -82.286018
28.390591 -82.300066 28.390592 -82.303599
28.277199 -82.436486 28.266929 -82.446945
28.324605 -82.493676 28.324609 -82.467020
28.324609 -82.467020 28.324605 -82.493676
28.266929 -82.446945 28.277199 -82.436486
28.253654 -82.469881 28.256960 -82.473266
28.256960 -82.473266 28.253654 -82.469881
28.251423 -82.481424 28.249069 -82.480522
28.249069 -82.480522 28.251423 -82.481424
28.185832 -82.434909 28.185763 -82.427819
28.185763 -82.427819 28.185832 -82.434909
28.390592 -82.303599 28.390591 -82.300066
28.367409 -82.542131 28.360749 -82.542809
28.396936 -82.485065 28.397792 -82.484235
28.397792 -82.484235 28.396936 -82.485065
28.381078 -82.319287 28.375967 -82.319412
28.376013 -82.320241 28.375967 -82.319412
28.331301 -82.699173 28.333988 -82.699148
28.333988 -82.699148 28.331301 -82.699173
28.331318 -82.688773 28.331315 -82.687978
28.329627 -82.684965 28.328987 -82.684714
28.328987 -82.684714 28.329627 -82.684965
28.320452 -82.666264 28.318757 -82.666239
28.320175 -82.651707 28.317837 -82.650646
28.318757 -82.666239 28.320452 -82.666264
28.324121 -82.678101 28.328837 -82.677181
28.317837 -82.650646 28.320175 -82.651707
28.328837 -82.677181 28.324121 -82.678101
28.360979 -82.562892 28.353161 -82.562174
28.228479 -82.552471 28.214501 -82.551533
28.353161 -82.562174 28.360979 -82.562892
28.334842 -82.602138 28.337345 -82.607719
28.337345 -82.607719 28.334842 -82.602138
28.192359 -82.600739 28.193209 -82.596827
28.193209 -82.596827 28.192359 -82.600739
28.331315 -82.687978 28.331318 -82.688773
28.360749 -82.542809 28.367409 -82.542131
28.214501 -82.551533 28.228479 -82.552471
28.119252 -82.763727 28.117268 -82.765359
28.117268 -82.765359 28.119252 -82.763727
28.120052 -82.762479 28.115748 -82.764495
28.115748 -82.764495 28.120052 -82.762479
27.869019 -82.712365 27.868957 -82.712366
28.104693 -82.739823 28.102593 -82.739823
28.102593 -82.739823 28.104693 -82.739823
27.891899 -82.849526 27.893799 -82.849126
27.893799 -82.849126 27.891899 -82.849526
27.906299 -82.821925 27.905599 -82.821925
27.909999 -82.816725 27.909899 -82.816225
27.909899 -82.816225 27.909999 -82.816725
27.905599 -82.821925 27.906299 -82.821925
27.908399 -82.816425 27.908099 -82.816425
27.908099 -82.816425 27.908399 -82.816425
27.917199 -82.808925 27.916699 -82.808825
27.916699 -82.808825 27.917199 -82.808925
27.909699 -82.799224 27.909699 -82.799624
27.909699 -82.799624 27.909699 -82.799224
27.906999 -82.795324 27.906051 -82.795379
27.909599 -82.792224 27.909067 -82.792304
27.906051 -82.795379 27.906999 -82.795324
27.909067 -82.792304 27.909599 -82.792224
27.909499 -82.787524 27.906299 -82.787024
27.906299 -82.787024 27.909499 -82.787524
27.909371 -82.779952 27.909399 -82.778924
27.909399 -82.778924 27.909371 -82.779952
27.910899 -82.762523 27.909659 -82.762523
27.909659 -82.762523 27.910899 -82.762523
27.907700 -82.746123 27.907400 -82.746223
27.907400 -82.746223 27.907700 -82.746123
28.088997 -82.699310 28.086625 -82.699885
28.086625 -82.699885 28.088997 -82.699310
28.045879 -82.684989 28.046298 -82.686317
28.046298 -82.686317 28.045879 -82.684989
27.828802 -82.753623 27.833702 -82.753723
27.959678 -82.708417 27.960352 -82.708520
27.960352 -82.708520 27.959678 -82.708417
28.035595 -82.682721 28.036045 -82.682216
28.036045 -82.682216 28.035595 -82.682721
27.936899 -82.730222 27.932299 -82.730222
27.932299 -82.730222 27.936899 -82.730222
27.916399 -82.735723 27.916399 -82.736023
27.916399 -82.736023 27.916399 -82.735723
27.864801 -82.728822 27.864797 -82.728414
27.864797 -82.728414 27.864801 -82.728822
27.861101 -82.728822 27.860177 -82.728822
27.853896 -82.728745 27.853418 -82.728745
27.853418 -82.728745 27.853896 -82.728745
27.872077 -82.722158 27.871693 -82.722126
27.871693 -82.722126 27.872077 -82.722158
27.867201 -82.716522 27.866956 -82.716543
27.866956 -82.716543 27.867201 -82.716522
27.868957 -82.712366 27.869019 -82.712365
27.868509 -82.704398 27.868562 -82.704433
27.868562 -82.704433 27.868509 -82.704398
27.872237 -82.691885 27.871053 -82.691949
27.867629 -82.700110 27.866189 -82.700174
27.866189 -82.700174 27.867629 -82.700110
27.871053 -82.691949 27.872237 -82.691885
27.894000 -82.663421 27.894009 -82.662057
27.886281 -82.667991 27.886472 -82.668244
27.870301 -82.671521 27.872655 -82.671523
27.872655 -82.671523 27.870301 -82.671521
27.794503 -82.792824 27.793103 -82.791124
27.793103 -82.791124 27.794503 -82.792824
27.813791 -82.767951 27.813703 -82.767023
27.813703 -82.767023 27.813791 -82.767951
27.833702 -82.753723 27.828802 -82.753623
27.839302 -82.736823 27.839302 -82.735122
27.839302 -82.735122 27.839302 -82.736823
27.850302 -82.728722 27.849402 -82.728622
27.849402 -82.728622 27.850302 -82.728722
27.846502 -82.730722 27.846553 -82.730290
27.846553 -82.730290 27.846502 -82.730722
27.843012 -82.730735 27.843011 -82.730247
27.843011 -82.730247 27.843012 -82.730735
27.713807 -82.679321 27.709207 -82.679221
27.709207 -82.679221 27.713807 -82.679321
27.709207 -82.679221 27.709107 -82.677121
27.709107 -82.677121 27.709207 -82.679221
27.860177 -82.728822 27.861101 -82.728822
27.886472 -82.668244 27.886281 -82.667991
27.894009 -82.662057 27.894000 -82.663421
27.838756 -81.661569 27.848823 -81.662548
27.805061 -81.225583 27.805035 -81.223041
27.805035 -81.223041 27.805061 -81.225583
27.748003 -81.887261 27.749538 -81.887336
27.749538 -81.887336 27.748003 -81.887261
27.751860 -81.995231 27.754548 -81.994623
27.657249 -81.392512 27.654985 -81.394816
27.654985 -81.394816 27.657249 -81.392512
27.648150 -82.053242 27.646687 -82.054356
28.247138 -81.657653 28.244642 -81.657013
28.254674 -81.621172 28.234818 -81.646501
28.234818 -81.646501 28.254674 -81.621172
28.244834 -81.590772 28.244802 -81.588993
28.244802 -81.588993 28.244834 -81.590772
28.257071 -82.073307 28.252842 -82.073400
28.247787 -82.056703 28.242266 -82.050474
28.252842 -82.073400 28.257071 -82.073307
28.242266 -82.050474 28.247787 -82.056703
27.754548 -81.994623 27.751860 -81.995231
28.310862 -81.892232 28.309838 -81.900185
28.309838 -81.900185 28.310862 -81.892232
28.258783 -81.909741 28.258937 -81.894175
28.161669 -81.858329 28.157477 -81.861561
28.157477 -81.861561 28.161669 -81.858329
28.073597 -81.895603 28.073545 -81.889291
28.073545 -81.889291 28.073597 -81.895603
28.156133 -81.842153 28.154316 -81.850031
28.112823 -81.835497 28.079266 -81.831235
28.259553 -81.770455 28.258241 -81.756887
28.258241 -81.756887 28.259553 -81.770455
28.044298 -81.891303 28.044320 -81.879303
28.044320 -81.879303 28.044298 -81.891303
28.048029 -81.870734 28.048017 -81.874303
27.996600 -81.891103 27.996400 -81.863703
27.996400 -81.863703 27.996600 -81.891103
27.901135 -81.819707 27.902255 -81.817563
27.902255 -81.817563 27.901135 -81.819707
27.861840 -81.828460 27.858752 -81.828156
27.858752 -81.828156 27.861840 -81.828460
27.857456 -81.761291 27.850209 -81.761323
27.850209 -81.761323 27.857456 -81.761291
28.244642 -81.657013 28.247138 -81.657653
27.867952 -81.703353 27.867920 -81.695337
27.867920 -81.695337 27.867952 -81.703353
27.900606 -81.649272 27.893518 -81.648632
27.903294 -81.609367 27.903070 -81.609047
27.893518 -81.648632 27.900606 -81.649272
27.948092 -81.595062 27.946188 -81.595190
27.946188 -81.595190 27.948092 -81.595062
27.924285 -81.595574 27.924637 -81.595814
27.916366 -81.604044 27.915741 -81.603863
27.915741 -81.603863 27.916366 -81.604044
27.924637 -81.595814 27.924285 -81.595574
27.903070 -81.609047 27.903294 -81.609367
27.951308 -81.537957 27.953558 -81.537910
27.953558 -81.537910 27.951308 -81.537957
27.820578 -81.830364 27.819634 -81.830252
27.819634 -81.830252 27.820578 -81.830364
27.820610 -81.828492 27.820610 -81.827244
27.820610 -81.827244 27.820610 -81.828492
27.846193 -81.814076 27.862849 -81.814050
27.834720 -81.707425 27.828209 -81.706634
27.828209 -81.706634 27.834720 -81.707425
27.848823 -81.662548 27.838756 -81.661569
28.258937 -81.894175 28.258783 -81.909741
27.862849 -81.814050 27.846193 -81.814076
28.154316 -81.850031 28.156133 -81.842153
28.079266 -81.831235 28.112823 -81.835497
28.008666 -81.877450 28.008918 -81.876706
28.008918 -81.876706 28.008666 -81.877450
28.048017 -81.874303 28.048029 -81.870734
29.712445 -82.044624 29.716696 -82.045078
29.716696 -82.045078 29.712445 -82.044624
29.710656 -82.038375 29.710015 -82.042287
29.710015 -82.042287 29.710656 -82.038375
29.660814 -82.001827 29.661272 -82.001250
29.661272 -82.001250 29.660814 -82.001827
29.609307 -82.012009 29.609228 -82.011075
29.609228 -82.011075 29.609307 -82.012009
29.543735 -82.040191 29.543712 -82.039955
29.543712 -82.039955 29.543735 -82.040191
29.391542 -81.638377 29.392890 -81.642193
29.392890 -81.642193 29.391542 -81.638377
29.494341 -81.556560 29.492049 -81.555014
29.492049 -81.555014 29.494341 -81.556560
29.491726 -81.586063 29.493044 -81.588603
29.493044 -81.588603 29.491726 -81.586063
29.432436 -81.612917 29.432370 -81.616372
29.715632 -81.657791 29.708366 -81.661653
29.708366 -81.661653 29.715632 -81.657791
29.675768 -81.715157 29.673853 -81.710966
29.643081 -81.711656 29.645429 -81.712736
29.645429 -81.712736 29.643081 -81.711656
29.629622 -81.724824 29.629854 -81.726669
29.629854 -81.726669 29.629622 -81.724824
29.673853 -81.710966 29.675768 -81.715157
29.588946 -81.998183 29.591730 -82.002088
29.591730 -82.002088 29.588946 -81.998183
29.534699 -81.895765 29.532797 -81.897758
29.529868 -81.947087 29.525397 -81.945915
29.532797 -81.897758 29.534699 -81.895765
29.614475 -81.795600 29.613626 -81.793633
29.613626 -81.793633 29.614475 -81.795600
29.551452 -81.860703 29.547993 -81.853414
29.547993 -81.853414 29.551452 -81.860703
29.539300 -81.755764 29.547322 -81.743432
29.547322 -81.743432 29.539300 -81.755764
29.525397 -81.945915 29.529868 -81.947087
29.432370 -81.616372 29.432436 -81.612917
29.996154 -81.316630 30.001014 -81.318126
30.001014 -81.318126 29.996154 -81.316630
29.783327 -81.425919 29.782715 -81.425898
29.782715 -81.425898 29.783327 -81.425919
29.769251 -81.456084 29.761823 -81.461548
29.769131 -81.477840 29.761728 -81.475498
29.761823 -81.461548 29.769251 -81.456084
29.761728 -81.475498 29.769131 -81.477840
29.782103 -81.257922 29.782401 -81.258045
29.782401 -81.258045 29.782103 -81.257922
29.780821 -81.359724 29.756205 -81.349860
29.778446 -81.316733 29.775846 -81.316223
29.756205 -81.349860 29.780821 -81.359724
30.089186 -81.460258 30.096152 -81.448706
30.096152 -81.448706 30.089186 -81.460258
29.775846 -81.316223 29.778446 -81.316733
27.484885 -80.559345 27.484154 -80.559363
27.484154 -80.559363 27.484885 -80.559345
27.448309 -80.588777 27.448332 -80.587646
27.448332 -80.587646 27.448309 -80.588777
27.418407 -80.586997 27.418379 -80.587299
27.418379 -80.587299 27.418407 -80.586997
27.374380 -80.464500 27.374381 -80.456538
27.374381 -80.456538 27.374380 -80.464500
27.372744 -80.387752 27.374183 -80.387392
27.374183 -80.387392 27.372744 -80.387752
27.356715 -80.412433 27.356573 -80.412592
27.356573 -80.412592 27.356715 -80.412433
27.374449 -80.406230 27.374131 -80.406572
27.374131 -80.406572 27.374449 -80.406230
27.317625 -80.378467 27.317625 -80.375120
27.447498 -80.484857 27.447498 -80.483639
27.403018 -80.472833 27.403580 -80.472794
27.403580 -80.472794 27.403018 -80.472833
27.394720 -80.458932 27.398115 -80.456390
27.398115 -80.456390 27.394720 -80.458932
27.381832 -80.460805 27.381824 -80.460552
27.381824 -80.460552 27.381832 -80.460805
27.447498 -80.483639 27.447498 -80.484857
27.455416 -80.325172 27.455616 -80.323472
27.455616 -80.323472 27.455416 -80.325172
27.273122 -80.358072 27.271509 -80.361928
27.273122 -80.358072 27.262623 -80.352372
27.271509 -80.361928 27.273122 -80.358072
27.262623 -80.352372 27.273122 -80.358072
27.324070 -80.319213 27.323805 -80.319043
27.323821 -80.319472 27.323805 -80.319043
27.271723 -80.321872 27.271369 -80.317550
27.271369 -80.317550 27.271723 -80.321872
27.299394 -80.254534 27.298742 -80.254122
27.298742 -80.254122 27.299394 -80.254534
27.323805 -80.319043 27.324070 -80.319213
27.323805 -80.319043 27.323821 -80.319472
27.315920 -80.415489 27.311814 -80.415507
27.311814 -80.415507 27.315920 -80.415489
27.317625 -80.375120 27.317625 -80.378467
30.673183 -87.248087 30.673184 -87.246628
30.673184 -87.246628 30.673183 -87.248087
30.559316 -86.918816 30.571528 -86.924501
30.571528 -86.924501 30.559316 -86.918816
30.366168 -87.170604 30.365617 -87.170182
30.365617 -87.170182 30.366168 -87.170604
27.099910 -82.250124 27.099933 -82.254520
27.048126 -82.281638 27.048279 -82.283651
27.048279 -82.283651 27.048126 -82.281638
27.215056 -82.490375 27.211028 -82.490319
27.099933 -82.254520 27.099910 -82.250124
27.269052 -82.449451 27.269586 -82.449390
27.269586 -82.449390 27.269052 -82.449451
27.269586 -82.448765 27.269098 -82.448811
27.269098 -82.448811 27.269586 -82.448765
27.211028 -82.490319 27.215056 -82.490375
28.687374 -81.397491 28.687374 -81.397291
28.687374 -81.397291 28.687374 -81.397491
28.672775 -81.402591 28.672694 -81.400266
28.672694 -81.400266 28.672775 -81.402591
28.672721 -81.397730 28.672236 -81.397743
28.699373 -81.183986 28.699373 -81.179785
28.699373 -81.179785 28.699373 -81.183986
28.692273 -81.183886 28.692173 -81.179785
28.692173 -81.179785 28.692273 -81.183886
28.679674 -81.179686 28.677674 -81.183486
28.679845 -81.179690 28.677795 -81.183778
28.677674 -81.183486 28.679674 -81.179686
28.661975 -81.395791 28.661975 -81.393591
28.661975 -81.393591 28.661975 -81.395791
28.619576 -81.248688 28.618676 -81.248288
28.618676 -81.248288 28.619576 -81.248688
28.616876 -81.207587 28.615676 -81.207587
28.615676 -81.207587 28.616876 -81.207587
28.669774 -81.190386 28.666474 -81.184686
28.666474 -81.184686 28.669774 -81.190386
28.659574 -81.178786 28.656446 -81.179196
28.656446 -81.179196 28.659574 -81.178786
28.802318 -81.210537 28.802558 -81.210345
28.802558 -81.210345 28.802318 -81.210537
28.782574 -81.172024 28.781326 -81.169544
28.781326 -81.169544 28.782574 -81.172024
28.832869 -81.321987 28.832332 -81.322583
28.832869 -81.321987 28.832069 -81.320387
28.832332 -81.322583 28.832869 -81.321987
28.832069 -81.320387 28.832869 -81.321987
28.672236 -81.397743 28.672721 -81.397730
28.677795 -81.183778 28.679845 -81.179690
28.642092 -81.996878 28.642750 -81.996873
28.642750 -81.996873 28.642092 -81.996878
28.580508 -81.959975 28.580441 -81.964359
28.580441 -81.964359 28.580508 -81.959975
28.930921 -82.186244 28.927803 -82.186114
28.927803 -82.186114 28.930921 -82.186244
28.858601 -82.173955 28.858913 -82.170673
28.858913 -82.170673 28.858601 -82.173955
28.799870 -82.088175 28.761598 -82.095347
28.755761 -82.014128 28.755723 -82.008532
28.761598 -82.095347 28.799870 -82.088175
28.793846 -82.070465 28.792471 -82.070355
28.792471 -82.070355 28.793846 -82.070465
28.740573 -82.019547 28.700428 -82.004923
28.700428 -82.004923 28.740573 -82.019547
28.649720 -82.007859 28.649721 -82.008057
28.649721 -82.008057 28.649720 -82.007859
28.755723 -82.008532 28.755761 -82.014128
30.317781 -82.807623 30.317300 -82.807200
30.317300 -82.807200 30.317781 -82.807623
30.355849 -83.183269 30.355666 -83.182529
30.355666 -83.182529 30.355849 -83.183269
29.986051 -82.810691 29.988697 -82.810744
29.988697 -82.810744 29.986051 -82.810691
29.985815 -82.844041 29.985771 -82.839881
29.985771 -82.839881 29.985815 -82.844041
29.967760 -82.843954 29.967118 -82.844112
29.967118 -82.844112 29.967760 -82.843954
29.952615 -82.835397 29.952562 -82.860605
29.952562 -82.860605 29.952615 -82.835397
29.934854 -82.843679 29.934901 -82.842033
29.934901 -82.842033 29.934854 -82.843679
30.046223 -82.271871 30.048239 -82.267529
30.048239 -82.267529 30.046223 -82.271871
30.020331 -82.317653 30.019714 -82.316484
30.019714 -82.316484 30.020331 -82.317653
30.071244 -82.240928 30.069584 -82.240881
30.069584 -82.240881 30.071244 -82.240928
29.969833 -82.356924 29.964722 -82.357000
29.964722 -82.357000 29.969833 -82.356924
28.879519 -81.151649 28.878190 -81.154176
28.878190 -81.154176 28.879519 -81.151649
29.403881 -81.155001 29.404938 -81.155537
29.323542 -81.457094 29.321065 -81.462508
29.321065 -81.462508 29.323542 -81.457094
29.168646 -81.520920 29.167737 -81.522621
29.167737 -81.522621 29.168646 -81.520920
29.230619 -81.291638 29.229611 -81.295794
29.229611 -81.295794 29.230619 -81.291638
29.102207 -81.213072 29.092440 -81.227281
29.092440 -81.227281 29.102207 -81.213072
29.021296 -81.228101 29.017994 -81.231465
29.017994 -81.231465 29.021296 -81.228101
29.018780 -81.219884 29.023042 -81.200481
29.023042 -81.200481 29.018780 -81.219884
28.800191 -80.902088 28.802408 -80.902732
28.802408 -80.902732 28.800191 -80.902088
28.863234 -80.911681 28.811767 -80.892924
28.811767 -80.892924 28.863234 -80.911681
28.841964 -80.845187 28.840998 -80.844745
28.840679 -80.849431 28.839487 -80.849795
28.839487 -80.849795 28.840679 -80.849431
28.840998 -80.844745 28.841964 -80.845187
28.846246 -81.077114 28.846348 -81.068709
28.846348 -81.068709 28.846246 -81.077114
30.237135 -84.232756 30.236631 -84.232677
30.236631 -84.232677 30.237135 -84.232756
30.232807 -84.231488 30.231801 -84.229378
30.231801 -84.229378 30.232807 -84.231488
30.190717 -84.215443 30.189723 -84.218772
30.189723 -84.218772 30.190717 -84.215443
30.469958 -86.343853 30.471688 -86.340922
30.471688 -86.340922 30.469958 -86.343853
30.387587 -86.174567 30.398255 -86.169568
30.398255 -86.169568 30.387587 -86.174567
30.533433 -86.359283 30.527494 -86.369394
30.527494 -86.369394 30.533433 -86.359283
30.513246 -86.343973 30.513769 -86.343345
30.513769 -86.343345 30.513246 -86.343973
30.470735 -85.959077 30.467133 -85.946322
30.467133 -85.946322 30.470735 -85.959077
30.638779 -85.872019 30.638263 -85.865492
30.638263 -85.865492 30.638779 -85.872019
30.625852 -85.714668 30.625853 -85.714533
30.590663 -85.592147 30.593628 -85.592800
30.625498 -85.564813 30.595540 -85.568339
30.615254 -85.847433 30.616578 -85.845196
30.616578 -85.845196 30.615254 -85.847433
30.625111 -85.712327 30.624831 -85.712336
30.625853 -85.714533 30.625852 -85.714668
30.624831 -85.712336 30.625111 -85.712327
30.606135 -85.689151 30.607023 -85.687547
30.607023 -85.687547 30.606135 -85.689151
30.603873 -85.503458 30.603805 -85.505896
30.603805 -85.505896 30.603873 -85.503458
30.595540 -85.568339 30.625498 -85.564813
30.593117 -85.551938 30.593057 -85.552374
30.593628 -85.592800 30.590663 -85.592147
30.612390 -85.578032 30.612573 -85.581529
30.612573 -85.581529 30.612390 -85.578032
30.610591 -85.486076 30.615414 -85.481479
30.615414 -85.481479 30.610591 -85.486076
30.593057 -85.552374 30.593117 -85.551938
30.953670 -83.459201 30.973060 -83.442691
30.973060 -83.442691 30.953670 -83.459201
30.792990 -83.459450 30.791863 -83.473565
30.791863 -83.473565 30.792990 -83.459450
30.671382 -83.398395 30.674688 -83.394249
30.674688 -83.394249 30.671382 -83.398395
30.547436 -82.199942 30.539325 -82.185723
30.539325 -82.185723 30.547436 -82.199942
30.522504 -82.192712 30.522480 -82.193162
30.522480 -82.193162 30.522504 -82.192712
30.503816 -82.110822 30.501089 -82.109418
30.501089 -82.109418 30.503816 -82.110822
30.495459 -82.083122 30.495113 -82.083244
30.489318 -82.056515 30.488699 -82.053445
30.488699 -82.053445 30.489318 -82.056515
30.485924 -82.041379 30.485672 -82.041511
30.485672 -82.041511 30.485924 -82.041379
30.495113 -82.083244 30.495459 -82.083122
30.675038 -82.554399 30.681115 -82.560053
30.681115 -82.560053 30.675038 -82.554399
30.800479 -84.160226 30.791715 -84.154308
30.787307 -84.152043 30.776475 -84.150828
30.776475 -84.150828 30.787307 -84.152043
30.791715 -84.154308 30.800479 -84.160226
30.726881 -84.139709 30.723723 -84.147818
30.723723 -84.147818 30.726881 -84.139709
30.931744 -84.023377 30.928686 -84.020305
30.928686 -84.020305 30.931744 -84.023377
30.877667 -84.049601 30.875698 -84.046665
30.875698 -84.046665 30.877667 -84.049601
30.808220 -84.011659 30.809020 -84.010725
30.700615 -84.015465 30.700612 -84.007065
30.700612 -84.007065 30.700615 -84.015465
30.678472 -84.012139 30.675428 -84.015796
30.675428 -84.015796 30.678472 -84.012139
30.960529 -83.960761 30.962722 -83.960724
30.962722 -83.960724 30.960529 -83.960761
30.928104 -83.997039 30.932185 -84.002617
30.932185 -84.002617 30.928104 -83.997039
30.809020 -84.010725 30.808220 -84.011659
